Popularity : [[16, 16], [6, 13], [13, 6], [6, 4], [5, 4], [5, 1], [4, 2], [6, 6], [3, 6], [6, 2], [2, 17], [5, 13], [5, 1], [16, 3], [7, 5], [5, 3], [4, 4], [2, 4], [6, 6], [6, 4], [17, 3], [6, 9], [4, 6], [16, 7], [5, 4], [6, 17], [3, 6], [6, 13], [5, 6], [6, 5], [6, 10], [12, 2], [4, 8]]
Distance : [[0.0, 389.1169490011968, 208.47062143141417, 141.69333082400175, 454.62182085773225, 340.02352859765455, 197.76754030932378, 27.459060435491963, 325.60866081847394, 333.52061405556327, 184.22811946062956, 280.43180989324304, 151.7893276880822, 279.1128803907122, 413.3497308575391, 233.18876473792642, 103.40696301506973, 402.1392793548026, 93.77632963600144, 145.27904184706065, 307.1628232713067, 468.26167897875223, 541.1330705103875, 188.0, 472.1747557843388, 194.164878389476, 488.42706722703235, 212.46176126540982, 310.2579571904643, 459.76189489778295, 98.40731680114035, 249.28898892650673, 86.7294644281861], [389.1169490011968, 0.0, 203.2732151563506, 261.444066675838, 73.24616030891995, 267.9178978717174, 376.4306044943742, 411.54586621663447, 116.1077086157504, 361.79552236035204, 229.22478051031044, 155.92947123619703, 265.6689669494727, 149.46571513226704, 280.43180989324304, 228.7116088002531, 308.4234102658227, 354.17509793885847, 475.78356423903506, 494.51592492052265, 277.0505369061753, 88.52683209061533, 163.5145253486674, 282.79321066814884, 441.4034435751493, 417.4685616905781, 194.58931111445972, 327.42632759141406, 204.9780476051033, 263.13684652666944, 385.63194888390666, 145.2618325645109, 429.4391691497179], [208.47062143141417, 203.2732151563506, 0.0, 134.12307780542466, 275.7698315624826, 301.6023872584566, 288.2013185257833, 234.7977853387889, 194.0025773024678, 355.7639666970223, 139.2838827718412, 72.01388754955533, 64.03124237432849, 166.76930173146374, 356.5305036038291, 191.73158320944412, 167.0478973228936, 391.56097864828155, 301.8774585821207, 340.82546853191593, 151.23822268196622, 290.84875794818174, 366.23080154459973, 204.83163818121457, 480.4508299503707, 315.67071451118176, 358.11311062288684, 259.53805116013336, 239.4159560263267, 375.99601061713406, 244.8182999695897, 61.5223536610881, 273.3386178350948], [141.69333082400175, 261.444066675838, 134.12307780542466, 0.0, 321.05451250527534, 214.89765005695153, 154.12008305214476, 158.2940302096071, 184.87833837418594, 240.05207768315609, 42.720018726587654, 195.0102561405425, 122.42957159118053, 137.82960494755835, 284.41694745566764, 98.50888284819801, 47.01063709417264, 292.5764857263823, 217.8003673091485, 233.42022191746798, 280.4460732476032, 333.7813655673426, 404.47744065645986, 78.5175139698144, 374.9266594948937, 182.61708572858126, 346.79388691267326, 129.84991336154215, 173.18487231857176, 324.2221460665511, 125.7179382586272, 140.81193131265547, 168.00297616411441], [454.62182085773225, 73.24616030891995, 275.7698315624826, 321.05451250527534, 0.0, 280.40149785619906, 419.10022667614965, 475.73206744973584, 149.37201879870273, 379.61691216277495, 284.6278271708513, 228.69411885748178, 337.4151745253909, 193.6620768245554, 273.22701184180164, 271.0645679538364, 367.8287645087045, 356.36638449775256, 538.2759515341551, 551.1415426185908, 345.7658167025769, 15.297058540778355, 90.47651629014017, 329.46168214224855, 437.4402816385341, 461.9794367718113, 148.60013458944107, 367.5554379954132, 227.7827912727386, 239.841614404173, 441.6616351914665, 216.51789764358972, 488.05839814514], [340.02352859765455, 267.9178978717174, 301.6023872584566, 214.89765005695153, 280.40149785619906, 0.0, 192.76929216034384, 346.38995366494106, 154.65122049308243, 100.0199980003999, 179.075403112767, 323.3357388226671, 323.82711436814554, 145.60219778561037, 74.14849964766651, 117.98728745080972, 238.3547775900454, 92.80086206496145, 385.88340207891815, 362.9903579986664, 448.00558032238837, 284.5856637288674, 326.6818023704412, 152.0526224699857, 183.60010893242955, 234.64867355261143, 206.6325240614362, 145.23085071705668, 68.26419266350405, 130.64838307457157, 269.7035409482048, 260.969346858975, 320.4777683397087], [197.76754030932378, 376.4306044943742, 288.2013185257833, 154.12008305214476, 419.10022667614965, 192.76929216034384, 0.0, 191.12822920751398, 269.74246977441277, 146.0, 160.0124995117569, 345.9393010341554, 269.2953768633988, 227.771815640127, 263.51850029931484, 148.5563866011825, 132.30646242719968, 223.29352879114074, 209.11719202399405, 172.70205557549104, 433.240118179284, 428.45886617037115, 487.8903565351543, 95.03683496413377, 280.31589323475754, 44.04543109109048, 389.72426149779284, 52.80151512977634, 203.06649157357302, 323.35893369443187, 101.84301645179212, 286.3930865087354, 143.58969322343438], [27.459060435491963, 411.54586621663447, 234.7977853387889, 158.2940302096071, 475.73206744973584, 346.38995366494106, 191.12822920751398, 0.0, 343.16905454892054, 331.8342959972643, 199.9449924354196, 306.80938707933956, 179.02513789968157, 296.0709374457412, 420.3094098399416, 244.53425117966603, 115.69356075426151, 403.29889660151565, 67.08203932499369, 118.82760622010359, 334.33665668005955, 489.10223880084624, 561.2388083516677, 194.87944991712183, 469.5540437478949, 181.6645259812713, 503.3140172894055, 212.47588098417194, 321.5618136533006, 469.30693581066964, 89.31965069345043, 273.60007309940545, 64.89992295835181], [325.60866081847394, 116.1077086157504, 194.0025773024678, 184.87833837418594, 149.37201879870273, 154.65122049308243, 269.74246977441277, 343.16905454892054, 0.0, 245.96137908216403, 144.03124660989366, 188.1515346735179, 241.07467722678797, 47.634021455258214, 181.8378398463862, 121.8031198286809, 229.4733099948663, 244.64055264816582, 401.4286985256535, 406.7247226319049, 320.14059411452337, 159.15401345866212, 223.66492796144863, 180.83417818543043, 334.32020579079574, 312.6227758817326, 168.86088949191284, 218.38727069131113, 89.26925562588724, 186.04300578092153, 297.6927946726289, 136.61625086350452, 346.30189141845585], [333.52061405556327, 361.79552236035204, 355.7639666970223, 240.05207768315609, 379.61691216277495, 100.0199980003999, 146.0, 331.8342959972643, 245.96137908216403, 0.0, 217.95412361320444, 392.5939378034256, 361.4249576329781, 224.54398232862977, 144.81022063376605, 165.3027525481654, 244.63237725207185, 79.6994353806851, 355.0690073774392, 315.15393064342385, 506.85402237725214, 384.26683437424055, 426.2405424170723, 162.04937519163718, 138.9280389266328, 177.29072169744248, 301.42494919963076, 121.49074038789952, 156.81836627130127, 209.34421415458323, 244.37675830569486, 328.2026812809426, 289.29223978530774], [184.22811946062956, 229.22478051031044, 139.2838827718412, 42.720018726587654, 284.6278271708513, 179.075403112767, 160.0124995117569, 199.9449924354196, 144.03124660989366, 217.95412361320444, 0.0, 187.98404187589966, 146.4923206178399, 96.51942809610924, 245.93088459971838, 61.09828148156051, 85.44588931013593, 262.0534296665472, 257.40629362935164, 266.62708039507163, 290.38767191463205, 296.7237772744207, 365.8209944768069, 67.91170738539859, 347.80023001717524, 195.73451407454945, 304.19894805866767, 122.80065146407001, 132.06059215375342, 283.0, 157.20050890502867, 126.66885963013956, 203.69094236121546], [280.43180989324304, 155.92947123619703, 72.01388754955533, 195.0102561405425, 228.69411885748178, 323.3357388226671, 345.9393010341554, 306.80938707933956, 188.1515346735179, 392.5939378034256, 187.98404187589966, 0.0, 132.61221663180206, 178.24140933015536, 366.7151483099655, 228.08989455914087, 233.5658365429328, 415.99278839902985, 373.8876836698422, 411.86891118412905, 132.38202294873727, 243.97745797511703, 317.9260920402728, 255.89450951515158, 506.66063592902105, 377.3830944809266, 335.26854907670656, 310.69277429641005, 256.11325619733157, 373.8515748261601, 313.1804591605294, 64.41273166075166, 344.24409944107975], [151.7893276880822, 265.6689669494727, 64.03124237432849, 122.42957159118053, 337.4151745253909, 323.82711436814554, 269.2953768633988, 179.02513789968157, 241.07467722678797, 361.4249576329781, 146.4923206178399, 132.61221663180206, 0.0, 205.40691322348428, 386.46345234704927, 206.7873303662485, 138.00362314084367, 408.53396431630995, 245.45875417267155, 291.61961525247233, 167.37084572887835, 352.3251339317137, 427.6739412215806, 200.83824337013107, 493.93623070189943, 289.1158937173811, 409.1760012512953, 251.75384803414624, 268.81220210399675, 414.406804963432, 206.194083329275, 120.93386622447825, 225.64130827488125], [279.1128803907122, 149.46571513226704, 166.76930173146374, 137.82960494755835, 193.6620768245554, 145.60219778561037, 227.771815640127, 296.0709374457412, 47.634021455258214, 224.54398232862977, 96.51942809610924, 178.24140933015536, 205.40691322348428, 0.0, 191.12822920751398, 79.40403012442127, 181.95878654244757, 238.40302011509837, 353.86155484878543, 359.54693713060607, 305.83165303807255, 204.48227307030797, 270.8671260969112, 136.0, 329.20054677961883, 269.7035409482048, 211.28416883429767, 178.04493814764857, 77.89736837660179, 210.05951537600004, 250.3517525403008, 117.61377470347595, 298.7339953872006], [413.3497308575391, 280.43180989324304, 356.5305036038291, 284.41694745566764, 273.22701184180164, 74.14849964766651, 263.51850029931484, 420.3094098399416, 181.8378398463862, 144.81022063376605, 245.93088459971838, 366.7151483099655, 386.46345234704927, 191.12822920751398, 0.0, 185.9704277566732, 311.0, 88.64536084872124, 459.9130352577539, 435.27003113010204, 496.49672707883985, 273.40263349134, 299.220654367308, 225.64130827488125, 164.2224101637776, 303.8321905262838, 163.74675569305182, 218.19715855161817, 117.92370414806346, 64.53681120105021, 343.73536332475305, 308.4493475434824, 394.37038428360717], [233.18876473792642, 228.7116088002531, 191.73158320944412, 98.50888284819801, 271.0645679538364, 117.98728745080972, 148.5563866011825, 244.53425117966603, 121.8031198286809, 165.3027525481654, 61.09828148156051, 228.08989455914087, 206.7873303662485, 79.40403012442127, 185.9704277566732, 0.0, 129.83836104942176, 202.20039564748632, 294.71511668049874, 290.0362046365936, 342.24260401066374, 280.94483444263574, 343.45596515419555, 60.14149981501958, 289.4995682207488, 190.97905644337024, 262.0877715575452, 98.71676655968832, 77.12976079309465, 227.06827167175956, 183.34939323597447, 163.7192719260625, 234.15593095200472], [103.40696301506973, 308.4234102658227, 167.0478973228936, 47.01063709417264, 367.8287645087045, 238.3547775900454, 132.30646242719968, 115.69356075426151, 229.4733099948663, 244.63237725207185, 85.44588931013593, 233.5658365429328, 138.00362314084367, 181.95878654244757, 311.0, 129.83836104942176, 0.0, 306.6023483276017, 172.00290695217916, 186.79668091269716, 304.2433236736675, 380.4260769190251, 450.6084775056945, 87.66413177577246, 383.0195817448502, 151.52887513606112, 387.6596445337069, 124.80785231707178, 206.95168518279817, 356.384623686264, 80.65358020571685, 184.04890654388578, 121.01652779682617], [402.1392793548026, 354.17509793885847, 391.56097864828155, 292.5764857263823, 356.36638449775256, 92.80086206496145, 223.29352879114074, 403.29889660151565, 244.64055264816582, 79.6994353806851, 262.0534296665472, 415.99278839902985, 408.53396431630995, 238.40302011509837, 88.64536084872124, 202.20039564748632, 306.6023483276017, 0.0, 431.335136523794, 394.2004566207401, 539.5600059307584, 357.94552658190884, 387.5061289837878, 219.46298093300382, 90.80198235721508, 256.6398254363496, 252.23996511258878, 190.85072700935672, 160.89748288895012, 148.24641648282767, 318.1571938523471, 353.28883367579, 365.1657158058516], [93.77632963600144, 475.78356423903506, 301.8774585821207, 217.8003673091485, 538.2759515341551, 385.88340207891815, 209.11719202399405, 67.08203932499369, 401.4286985256535, 355.0690073774392, 257.40629362935164, 373.8876836698422, 245.45875417267155, 353.86155484878543, 459.9130352577539, 294.71511668049874, 172.00290695217916, 431.335136523794, 0.0, 72.80109889280519, 396.56147064484213, 551.2721650872643, 622.2772693904221, 239.370006475331, 488.222285439737, 185.58555978308226, 556.5294241996554, 243.52823244954578, 370.2998784768907, 513.3312770521586, 116.18089343777659, 339.8190695061123, 66.27216610312357], [145.27904184706065, 494.51592492052265, 340.82546853191593, 233.42022191746798, 551.1415426185908, 362.9903579986664, 172.70205557549104, 118.82760622010359, 406.7247226319049, 315.15393064342385, 266.62708039507163, 411.86891118412905, 291.61961525247233, 359.54693713060607, 435.27003113010204, 290.0362046365936, 186.79668091269716, 394.2004566207401, 72.80109889280519, 0.0, 452.0011061933367, 562.9786852093071, 630.3657668370007, 230.36058690670154, 441.0045351240733, 138.0507153186828, 549.7353908927457, 217.84857125994654, 360.3803546254984, 493.39335220491165, 109.48059188732951, 368.8753176887822, 67.67569726275453], [307.1628232713067, 277.0505369061753, 151.23822268196622, 280.4460732476032, 345.7658167025769, 448.00558032238837, 433.240118179284, 334.33665668005955, 320.14059411452337, 506.85402237725214, 290.38767191463205, 132.38202294873727, 167.37084572887835, 305.83165303807255, 496.49672707883985, 342.24260401066374, 304.2433236736675, 539.5600059307584, 396.56147064484213, 452.0011061933367, 0.0, 360.5551275463989, 430.07441216608083, 354.87039887823835, 629.3647591023825, 455.76419341584966, 465.12363947664494, 409.0195594345092, 382.70223411942607, 506.06916523337003, 373.2465672983477, 188.2179587605816, 388.5678833871889], [468.26167897875223, 88.52683209061533, 290.84875794818174, 333.7813655673426, 15.297058540778355, 284.5856637288674, 428.45886617037115, 489.10223880084624, 159.15401345866212, 384.26683437424055, 296.7237772744207, 243.97745797511703, 352.3251339317137, 204.48227307030797, 273.40263349134, 280.94483444263574, 380.4260769190251, 357.94552658190884, 551.2721650872643, 562.9786852093071, 360.5551275463989, 0.0, 75.39230729988306, 339.84261063027395, 437.37855457258075, 471.59410513703415, 141.20906486483082, 376.5859795584536, 234.48027635602958, 236.78260071213003, 453.5118521053226, 231.40008643040736, 500.3448810570565], [541.1330705103875, 163.5145253486674, 366.23080154459973, 404.47744065645986, 90.47651629014017, 326.6818023704412, 487.8903565351543, 561.2388083516677, 223.66492796144863, 426.2405424170723, 365.8209944768069, 317.9260920402728, 427.6739412215806, 270.8671260969112, 299.220654367308, 343.45596515419555, 450.6084775056945, 387.5061289837878, 622.2772693904221, 630.3657668370007, 430.07441216608083, 75.39230729988306, 0.0, 403.39682695826946, 458.10915729769033, 531.6812955145216, 140.91131963046828, 435.2528001058695, 287.2368360778262, 249.45139807184887, 521.2187640521013, 306.7409330363328, 569.295178268708], [188.0, 282.79321066814884, 204.83163818121457, 78.5175139698144, 329.46168214224855, 152.0526224699857, 95.03683496413377, 194.87944991712183, 180.83417818543043, 162.04937519163718, 67.91170738539859, 255.89450951515158, 200.83824337013107, 136.0, 225.64130827488125, 60.14149981501958, 87.66413177577246, 219.46298093300382, 239.370006475331, 230.36058690670154, 354.87039887823835, 339.84261063027395, 403.39682695826946, 0.0, 298.4845054605012, 134.7145129523913, 320.0765533431026, 55.02726596879042, 131.52946437965906, 275.0363612324741, 125.29964086141668, 194.17775361765828, 176.6635219845908], [472.1747557843388, 441.4034435751493, 480.4508299503707, 374.9266594948937, 437.4402816385341, 183.60010893242955, 280.31589323475754, 469.5540437478949, 334.32020579079574, 138.9280389266328, 347.80023001717524, 506.66063592902105, 493.93623070189943, 329.20054677961883, 164.2224101637776, 289.4995682207488, 383.0195817448502, 90.80198235721508, 488.222285439737, 441.0045351240733, 629.3647591023825, 437.37855457258075, 458.10915729769033, 298.4845054605012, 0.0, 304.3698408186987, 318.0565987367657, 260.4169733331528, 251.67637950352037, 209.0598000573042, 381.1469532870491, 443.74091539996624, 423.56227405188014], [194.164878389476, 417.4685616905781, 315.67071451118176, 182.61708572858126, 461.9794367718113, 234.64867355261143, 44.04543109109048, 181.6645259812713, 312.6227758817326, 177.29072169744248, 195.73451407454945, 377.3830944809266, 289.1158937173811, 269.7035409482048, 303.8321905262838, 190.97905644337024, 151.52887513606112, 256.6398254363496, 185.58555978308226, 138.0507153186828, 455.76419341584966, 471.59410513703415, 531.6812955145216, 134.7145129523913, 304.3698408186987, 0.0, 433.48471714698314, 96.82974749528164, 247.1113109511582, 364.8520247990958, 96.16652224137046, 320.2639536382451, 124.23365083583433], [488.42706722703235, 194.58931111445972, 358.11311062288684, 346.79388691267326, 148.60013458944107, 206.6325240614362, 389.72426149779284, 503.3140172894055, 168.86088949191284, 301.42494919963076, 304.19894805866767, 335.26854907670656, 409.1760012512953, 211.28416883429767, 163.74675569305182, 262.0877715575452, 387.6596445337069, 252.23996511258878, 556.5294241996554, 549.7353908927457, 465.12363947664494, 141.20906486483082, 140.91131963046828, 320.0765533431026, 318.0565987367657, 433.48471714698314, 0.0, 337.6818028854975, 189.40168953839878, 109.00458705944443, 445.09437201564344, 297.4861341306515, 496.1461478234009], [212.46176126540982, 327.42632759141406, 259.53805116013336, 129.84991336154215, 367.5554379954132, 145.23085071705668, 52.80151512977634, 212.47588098417194, 218.38727069131113, 121.49074038789952, 122.80065146407001, 310.69277429641005, 251.75384803414624, 178.04493814764857, 218.19715855161817, 98.71676655968832, 124.80785231707178, 190.85072700935672, 243.52823244954578, 217.84857125994654, 409.0195594345092, 376.5859795584536, 435.2528001058695, 55.02726596879042, 260.4169733331528, 96.82974749528164, 337.6818028854975, 0.0, 150.33296378372907, 275.54491466909707, 128.2497563350512, 248.4854120466632, 177.38658348364456], [310.2579571904643, 204.9780476051033, 239.4159560263267, 173.18487231857176, 227.7827912727386, 68.26419266350405, 203.06649157357302, 321.5618136533006, 89.26925562588724, 156.81836627130127, 132.06059215375342, 256.11325619733157, 268.81220210399675, 77.89736837660179, 117.92370414806346, 77.12976079309465, 206.95168518279817, 160.89748288895012, 370.2998784768907, 360.3803546254984, 382.70223411942607, 234.48027635602958, 287.2368360778262, 131.52946437965906, 251.67637950352037, 247.1113109511582, 189.40168953839878, 150.33296378372907, 0.0, 151.0529708413575, 256.82678987987214, 194.74342094150447, 308.18500936937215], [459.76189489778295, 263.13684652666944, 375.99601061713406, 324.2221460665511, 239.841614404173, 130.64838307457157, 323.35893369443187, 469.30693581066964, 186.04300578092153, 209.34421415458323, 283.0, 373.8515748261601, 414.406804963432, 210.05951537600004, 64.53681120105021, 227.06827167175956, 356.384623686264, 148.24641648282767, 513.3312770521586, 493.39335220491165, 506.06916523337003, 236.78260071213003, 249.45139807184887, 275.0363612324741, 209.0598000573042, 364.8520247990958, 109.00458705944443, 275.54491466909707, 151.0529708413575, 0.0, 397.49842766984625, 321.70172520519685, 448.7594010157336], [98.40731680114035, 385.63194888390666, 244.8182999695897, 125.7179382586272, 441.6616351914665, 269.7035409482048, 101.84301645179212, 89.31965069345043, 297.6927946726289, 244.37675830569486, 157.20050890502867, 313.1804591605294, 206.194083329275, 250.3517525403008, 343.73536332475305, 183.34939323597447, 80.65358020571685, 318.1571938523471, 116.18089343777659, 109.48059188732951, 373.2465672983477, 453.5118521053226, 521.2187640521013, 125.29964086141668, 381.1469532870491, 96.16652224137046, 445.09437201564344, 128.2497563350512, 256.82678987987214, 397.49842766984625, 0.0, 264.69794105734934, 51.478150704935004], [249.28898892650673, 145.2618325645109, 61.5223536610881, 140.81193131265547, 216.51789764358972, 260.969346858975, 286.3930865087354, 273.60007309940545, 136.61625086350452, 328.2026812809426, 126.66885963013956, 64.41273166075166, 120.93386622447825, 117.61377470347595, 308.4493475434824, 163.7192719260625, 184.04890654388578, 353.28883367579, 339.8190695061123, 368.8753176887822, 188.2179587605816, 231.40008643040736, 306.7409330363328, 194.17775361765828, 443.74091539996624, 320.2639536382451, 297.4861341306515, 248.4854120466632, 194.74342094150447, 321.70172520519685, 264.69794105734934, 0.0, 301.51782700198675], [86.7294644281861, 429.4391691497179, 273.3386178350948, 168.00297616411441, 488.05839814514, 320.4777683397087, 143.58969322343438, 64.89992295835181, 346.30189141845585, 289.29223978530774, 203.69094236121546, 344.24409944107975, 225.64130827488125, 298.7339953872006, 394.37038428360717, 234.15593095200472, 121.01652779682617, 365.1657158058516, 66.27216610312357, 67.67569726275453, 388.5678833871889, 500.3448810570565, 569.295178268708, 176.6635219845908, 423.56227405188014, 124.23365083583433, 496.1461478234009, 177.38658348364456, 308.18500936937215, 448.7594010157336, 51.478150704935004, 301.51782700198675, 0.0]]
0世代
rank = 0, pop_id = 0, calclation_time:135.46974349021912[sec]
pop_index = 0, scores = 811.8492436171096, rank = 0
0世代評価 : [811.8492436171096, 826.4113321567952, 772.4199197208782, 799.6366419862198, 736.3569001000626, 808.9967914445127, 798.5805822249796, 803.5790097869963, 810.4189767618574, 806.4471008563323, 814.7117993375093, 753.6880436381997, 797.1531128550746, 836.4926129443724, 669.1136776436125, 791.4932914404001, 801.8932705235405, 874.9961894748477, 795.5074071694528, 827.5785548274497, 809.5272017187646, 802.0210323667052, 798.9545341579251, 867.4736628434288, 772.4336996393318, 734.6005829116526, 863.0791565025129, 814.987948541726, 860.0851351261867, 803.7457452995701, 866.0561088217225, 796.7608814264812, 783.3897471831912, 862.6516114537088, 857.8649645933643, 811.12715158537, 773.3506024859173, 737.6875103102403, 833.6721367979145, 794.9247042436392, 842.4719997921125, 826.0720098152888, 794.7075358973576, 854.9412574548718, 784.3635083770394, 831.3226725522178, 826.0472707488685, 847.0478539641883, 788.4015540643862, 791.2606979868999, 797.3600850393498, 817.0471573120429, 783.5804086447728, 723.5444823947423, 830.734446250963, 830.9487458519974, 814.4636901507757, 810.9922679622891, 798.0873502141376, 862.0387799581508, 793.7872358696446, 810.3717073191968, 831.7726472800903, 824.8530740696186, 857.8144693107317, 753.4401907384196, 852.2519257106972, 740.081564840164, 831.3384226525238, 832.372433683162, 799.5491035222892, 815.1307364447356, 759.2692421435495, 826.2853270947705, 778.2720686751564, 805.4487404754946]
0世代, new best [1, 1, 0, 0, 1, 1, 0, 0, 1, 1, 0, 0, 1, 1, 1, 0, 0, 0, 1, 1, 1, 1, 1, 1, 1, 1, 1, 0, 1, 1, 1, 0, 1] = 811.8492436171096
拠点利用数 : 22
0世代, new best [0, 0, 1, 1, 1, 0, 0, 1, 1, 1, 0, 1, 1, 1, 1, 1, 1, 0, 1, 0, 1, 1, 0, 1, 0, 0, 1, 0, 1, 1, 0, 1, 1] = 799.6366419862198
拠点利用数 : 21
0世代, new best [0, 1, 0, 0, 1, 1, 0, 1, 0, 1, 1, 1, 1, 1, 0, 1, 1, 0, 1, 1, 0, 1, 1, 1, 1, 0, 0, 0, 1, 1, 1, 1, 0] = 798.5805822249796
拠点利用数 : 21
0世代, new best [1, 1, 1, 0, 0, 0, 1, 0, 1, 1, 0, 1, 0, 1, 0, 1, 1, 0, 0, 1, 0, 1, 1, 1, 0, 1, 1, 1, 1, 0, 1, 1, 1] = 797.1531128550746
拠点利用数 : 21
0世代, new best [1, 0, 0, 1, 1, 1, 1, 0, 0, 1, 0, 1, 1, 1, 1, 0, 1, 1, 0, 0, 1, 0, 1, 1, 1, 1, 0, 1, 1, 0, 1, 1, 0] = 791.4932914404001
拠点利用数 : 21
0世代, new best [0, 1, 1, 1, 1, 0, 1, 0, 1, 1, 0, 0, 0, 0, 1, 1, 1, 1, 1, 0, 1, 1, 0, 0, 1, 1, 1, 1, 0, 0, 1, 1, 0] = 784.3635083770394
拠点利用数 : 20
0世代, new best [0, 0, 1, 1, 0, 1, 1, 1, 0, 1, 0, 0, 1, 0, 1, 0, 1, 1, 0, 0, 0, 1, 1, 1, 1, 0, 1, 1, 1, 0, 1, 1, 1] = 783.5804086447728
拠点利用数 : 20
1世代
rank = 0, pop_id = 0, calclation_time:137.0356888771057[sec]
pop_index = 0, scores = 816.187171391021, rank = 0
1世代評価 : [816.187171391021, 779.7865846133996, 786.5593743002713, 756.7042401288941, 843.701607963393, 696.5305493463852, 809.9668996005001, 790.269712713008, 794.8389325873849, 773.4353219188774, 735.7681694193607, 737.8721108816569, 713.2607323854987, 749.5613631253378, 743.4050609529056, 840.0594667013615, 852.2567991868084, 795.4597676606663, 752.247200936432, 814.7141727722626, 773.5467028726443, 811.3978775761148, 849.4789755928848, 838.3033209118236, 791.8109346391027, 850.2440763787031, 781.4608173803167, 797.2925252661214, 768.6245521481873, 791.8826282028448, 807.8195106781967, 791.7727469900606, 786.3364816373606, 779.790652430393, 849.9643857953523, 784.0670042717275, 799.6275249616509, 787.5057890976607, 744.8016497192995, 786.0596177702184, 715.0080279502757, 707.956123843717, 798.0062700816546, 786.840390270078, 775.8887070038061, 784.328981822047, 837.796854047104, 799.6109559323952, 786.3905785438182, 784.0286905410221, 803.402750556579, 747.1168397819299, 797.8865186895329, 778.7599969842971, 808.8015502111372, 767.803986178537, 800.7116007235958, 790.3389916064311, 835.7468786595884, 785.003506290365, 714.9367115618645, 826.3605682130806, 796.9417484764026, 706.5352974138201, 841.0519308427913, 733.9247984449455, 792.9658296836014, 771.864904725227, 757.2106908940141, 773.3232849756761, 799.6991449678075, 815.3463651213659, 785.4754733269657, 811.2331182695308, 836.4733036057719, 815.5216063517596]
1世代, new best [1, 0, 1, 0, 1, 0, 1, 0, 1, 0, 0, 0, 0, 1, 1, 1, 1, 1, 0, 1, 0, 1, 1, 1, 0, 1, 1, 1, 1, 0, 1, 1, 0] = 779.7865846133996
拠点利用数 : 20
1世代, new best [1, 1, 1, 0, 1, 1, 1, 0, 1, 1, 1, 0, 1, 1, 1, 1, 0, 1, 1, 0, 0, 0, 1, 0, 1, 0, 0, 1, 0, 1, 1, 0, 0] = 778.7599969842971
拠点利用数 : 20
2世代
rank = 0, pop_id = 0, calclation_time:111.79364323616028[sec]
pop_index = 0, scores = 751.1852920531269, rank = 0
2世代評価 : [751.1852920531269, 798.9093953651403, 810.2943654654525, 783.4220254884958, 764.4511549893567, 808.3610234117903, 732.3195231851336, 753.2904437054558, 810.1061906857655, 744.9145803014969, 753.6498344908421, 718.7510063939212, 754.6145021016683, 722.385494412839, 784.1109062225526, 799.3655003092916, 811.3021720364379, 816.6622516790303, 824.9678945260004, 787.1429011777038, 814.7514291132605, 729.4462889530198, 750.9172961519882, 813.3314453142667, 788.722516752561, 824.7408958820672, 796.4542840513159, 701.8688292061787, 797.4525526077864, 822.8849297928077, 771.0369363185814, 785.3568939536736, 840.1184876367156, 754.1354008328091, 828.2868394629136, 814.0890860682889, 834.8531007455101, 782.2186873183825, 740.5943977350468, 800.9621626950126, 809.3738564958448, 782.5089301490445, 737.5981286252337, 780.8304831132984, 781.7874090058317, 795.2121206879855, 836.0786751349191, 725.8378847963581, 804.2838120667291, 782.1921155297496, 812.2361755223417, 786.510677758662, 798.6917800359976, 799.4277559852701, 797.9984261027593, 760.2028523590852, 758.6378249723846, 826.5474870906196, 806.9003557040727, 826.9887967127927, 813.6967613617983, 723.7264561363984, 730.7807455572571, 826.142358968712, 736.4703527968309, 808.5459533211183, 829.5318567852888, 745.940499225468, 795.3125237266153, 747.2726608618992, 840.5981169060943, 788.5570423945351, 798.0826730783348, 788.1382966897033, 785.1704775315906, 712.3132166770818]
3世代
rank = 0, pop_id = 0, calclation_time:137.24065518379211[sec]
pop_index = 0, scores = 809.7092815779887, rank = 0
3世代評価 : [809.7092815779887, 788.0884922476082, 782.7082648304305, 744.0031263484849, 791.4779552467469, 759.4513226655142, 773.8867375814945, 776.6518684165752, 813.2759508402004, 827.4571581139015, 841.9797184939058, 835.8836979203612, 797.0635123508779, 759.9925244913841, 808.1911118065843, 777.9008674937119, 816.6084743324147, 725.2883744326693, 778.5109356353647, 818.2678116940326, 766.4529406108489, 810.9761671425601, 839.1576995013555, 736.6176737361521, 794.0298899163232, 863.8941530245951, 738.1778689290848, 762.2626837689141, 801.1744719803932, 839.6853360286592, 743.8465059234612, 799.7314265125966, 782.2533756054462, 800.035263565151, 828.3373440722459, 722.2804393681005, 819.1543541921066, 782.6901043336746, 737.3150561669354, 788.7118794840635, 723.3971513845349, 789.5053697707464, 756.6194004758587, 824.6387859631121, 783.0955518340394, 849.4569120563657, 746.4172367980634, 667.2786935211697, 822.5074798458064, 792.6697418770189, 771.5486471234105, 777.0499007936851, 789.8023612512608, 807.9871172362778, 676.8551209045581, 799.1069772030796, 873.6635554985359, 825.3173886919744, 797.214240086287, 786.0888524766963, 754.5499435946958, 807.3927287401642, 781.5981142939755, 805.7941663751999, 799.3216690361191, 771.3779206024152, 751.0451120909966, 766.597093758826, 827.388922603078, 756.9184120894503, 810.7809618099428, 779.235836488231, 759.5138538329868, 742.2175789686902, 732.2772970303732, 787.1804066528214]
3世代, new best [0, 1, 1, 1, 1, 1, 0, 1, 0, 1, 1, 1, 1, 0, 1, 0, 0, 0, 1, 0, 0, 1, 0, 1, 0, 0, 0, 1, 1, 1, 1, 1, 1] = 776.6518684165752
拠点利用数 : 20
4世代
rank = 0, pop_id = 0, calclation_time:142.94298648834229[sec]
pop_index = 0, scores = 827.8763569586284, rank = 0
4世代評価 : [827.8763569586284, 845.9984539197552, 820.5770458301108, 838.8907588836549, 797.2719302595782, 786.8389844675693, 779.6968394379551, 692.2863645057049, 815.8938398162911, 706.7688594201493, 774.9628678263465, 777.343327739387, 815.6339398909483, 772.7126236522018, 785.5818329024994, 790.9224836216803, 802.3117798863902, 755.2798039295461, 789.6390102710412, 787.9782136611548, 789.3207484740836, 901.574250980059, 721.8544087994374, 769.1496449868087, 753.0927367335154, 779.6701631551919, 815.3277726594168, 754.5490148420074, 788.2649751397321, 711.6630591580625, 789.8557649948318, 796.6387814197003, 784.1261512396972, 826.6058715181889, 743.1253143393201, 851.9271728262414, 773.1384359725851, 811.0808200609688, 748.903550978474, 724.9313645888559, 823.0797360292264, 791.1083419371936, 767.3540903503025, 684.1157898605254, 751.5113607453314, 691.9588133814357, 783.8533305799103, 755.4537666744375, 807.5806404934574, 744.555579189692, 792.9327949973556, 733.9144394904714, 798.664563660323, 812.8619452243231, 833.0395322030635, 793.5441365049406, 809.1532294899091, 776.3483914742632, 813.8752279492461, 842.531666549109, 735.9477025021118, 708.5072858275068, 780.3743209138366, 737.2654404221574, 787.287400999178, 785.3314858347595, 854.3312787132778, 800.1400758706151, 782.0038048295038, 786.1977365624044, 793.3640923945895, 786.4161637619349, 789.7315235799875, 785.006411464316, 789.9069601633937, 793.8367164844151]
5世代
rank = 0, pop_id = 0, calclation_time:99.68307662010193[sec]
pop_index = 0, scores = 716.3525399132291, rank = 0
5世代評価 : [716.3525399132291, 796.4397893483693, 774.3742112629959, 770.1932523693109, 751.4156898149063, 800.0691877610186, 786.1410153585438, 795.0045187344352, 764.5388246941795, 719.7960388630204, 753.2574429466864, 807.7140791487318, 812.4005261362961, 814.7428485473487, 786.9177488360244, 754.0108553631034, 809.7837121472103, 734.8159333075605, 789.9329587674429, 816.7229657136131, 787.725501056539, 744.0676904310718, 724.1036483041544, 784.0672523819259, 740.4446036428102, 822.8371355350662, 723.9939732631711, 796.9108934602688, 841.569386205467, 786.5370579142512, 831.5406525144969, 867.9460628222978, 888.3807073807137, 827.5620870631818, 785.6146180310589, 825.9345909548823, 819.1369965143225, 793.4179708085054, 758.2395655117436, 827.9418661716495, 802.1234612048354, 783.1303186237386, 763.8543932529284, 780.933745954799, 733.4215964234143, 770.3411790498591, 784.8912958631537, 823.3118832178171, 843.6436588491106, 799.4507802645911, 683.1969365639713, 833.1094049860277, 790.4709130904553, 799.6242282374875, 689.147416178651, 814.3568881357312, 709.999312575997, 772.0732620310013, 919.676584738726, 757.07319515452, 813.1647701378644, 787.605588259629, 785.8947934563935, 808.5331463983463, 814.2237738314545, 800.7558951901146, 810.7912536702433, 732.5080017748879, 796.9871706365865, 790.2027987669286, 797.4532833782378, 726.8756979266723, 816.1041644316631, 848.0018367043356, 793.4132802469769, 764.9660270275282]
6世代
rank = 0, pop_id = 0, calclation_time:130.17894792556763[sec]
pop_index = 0, scores = 797.429585838621, rank = 0
6世代評価 : [797.429585838621, 834.4709827387577, 709.2534906222463, 789.5401382793052, 782.5875672186139, 823.0256774701817, 757.7281613415001, 827.8151102474269, 796.6219364224588, 827.4268884783194, 776.6055515369251, 791.386034327618, 753.4863748722958, 773.0840240744101, 826.541120763155, 773.3034859634076, 818.9640865173257, 828.3362140462804, 784.2988406438951, 826.6216750255837, 798.9411406466311, 793.6320109831136, 816.5408222958806, 824.7079147852976, 755.9807975184846, 805.738519758985, 757.4956350622522, 812.805683439749, 804.0885292759395, 804.4631638010214, 808.6374371043047, 787.1380996790233, 838.8907961998348, 789.7425494680467, 742.5446668258437, 810.4990916779386, 712.9240154039672, 736.6257617078884, 816.1764535124983, 815.8411556375705, 669.1656679618116, 786.725495991649, 771.7236208032784, 785.942899671199, 739.2946939889622, 774.132835703521, 892.4749171399782, 734.6145120971352, 806.2017981615888, 777.7301802030065, 822.2729374276973, 797.9044755909127, 731.3201447415631, 796.2973220539193, 795.8286453096766, 781.4074633950362, 844.75524410262, 796.167917682933, 800.2522435899225, 775.0309044817432, 797.8315569758938, 749.7950231725704, 829.176283717754, 789.9619223450139, 782.8964960799792, 799.8177337892664, 808.8261095102807, 712.2004434735733, 829.5678798379696, 800.2356922809706, 778.5344532864168, 721.322915964019, 772.9878333591818, 813.973949089397, 773.5447321128528, 827.3408941050552]
6世代, new best [0, 1, 1, 1, 1, 1, 1, 1, 0, 0, 0, 0, 1, 0, 1, 0, 1, 1, 0, 1, 0, 0, 1, 1, 1, 1, 1, 1, 0, 0, 0, 1, 1] = 776.6055515369251
拠点利用数 : 20
6世代, new best [0, 1, 1, 1, 0, 0, 0, 1, 0, 1, 1, 1, 1, 1, 1, 0, 0, 1, 1, 0, 0, 1, 0, 1, 1, 1, 1, 1, 0, 1, 0, 0, 1] = 775.0309044817432
拠点利用数 : 20
6世代, new best [1, 1, 1, 0, 1, 1, 0, 1, 1, 0, 1, 1, 1, 1, 0, 1, 0, 1, 0, 0, 0, 1, 1, 0, 0, 1, 1, 0, 1, 0, 0, 1, 1] = 772.9878333591818
拠点利用数 : 20
7世代
rank = 0, pop_id = 0, calclation_time:149.63231134414673[sec]
pop_index = 0, scores = 838.9419045351079, rank = 0
7世代評価 : [838.9419045351079, 769.7267165435084, 863.749829456098, 725.0140295280553, 825.7138497560335, 802.6010799219488, 677.6680332933115, 794.7482456679314, 861.5060805526639, 724.3198483989372, 768.9866864194044, 792.3366978262015, 814.6369438685979, 717.6242834052046, 787.6597208433552, 776.1078025924795, 826.1649065830482, 699.4277939951165, 841.9383944125416, 782.814875198838, 784.2116965237676, 794.5640267364021, 862.1753136182723, 742.1923220574137, 695.1717514277935, 739.1577407998104, 842.2023998256685, 803.0450371073742, 821.5087948703533, 770.5136323505968, 816.5759894101843, 816.5052182973749, 847.1244305448785, 797.6131930518943, 797.339568100523, 783.4508571344567, 766.9495012687873, 795.8949792181756, 798.0178540086785, 750.2988603178885, 741.5200490396182, 715.7319944932865, 726.734016088086, 772.5688747887742, 785.0238037070192, 811.8502931196399, 796.7588019019306, 811.2564069651678, 868.5704470120577, 772.622964600874, 817.6104118674921, 840.5414770817629, 750.9933281983833, 737.2837726442125, 773.006598563971, 826.7920060719421, 727.2204319266208, 814.626316240807, 786.0557948982463, 741.7402596879239, 779.6613092695677, 800.2140881521395, 849.0845322932038, 733.1797547062024, 769.9973609339711, 841.2290058583874, 808.9935672072097, 807.6912766774822, 794.9504371566378, 771.008304116794, 751.6229402063138, 722.4969952485767, 754.1200256248337, 794.0331161354152, 835.3078654211203, 706.1998795510825]
7世代, new best [1, 0, 1, 1, 1, 1, 0, 0, 1, 1, 1, 1, 0, 1, 0, 1, 0, 1, 1, 0, 0, 1, 1, 0, 1, 1, 1, 1, 0, 0, 0, 1, 0] = 772.622964600874
拠点利用数 : 20
8世代
rank = 0, pop_id = 0, calclation_time:130.94380164146423[sec]
pop_index = 0, scores = 802.4614751378931, rank = 0
8世代評価 : [802.4614751378931, 771.8944685478937, 813.1244007426475, 766.3693091598476, 795.7732041339525, 775.7042761887304, 829.7432073434261, 760.0585868387752, 768.186966189971, 823.8196723212125, 758.9417986296023, 753.4031680035198, 801.1435660491494, 757.3467584767296, 851.7525985264093, 795.9036659135382, 722.7293633649035, 720.9502443736877, 795.2588451528017, 839.2451047033195, 784.9045889916539, 768.8174973044183, 727.2215663726132, 786.9434298465603, 826.739226408684, 783.238498751899, 800.7578181060061, 790.8221586963253, 796.9981099613152, 759.8173009573568, 803.7848701807225, 773.2722287568101, 800.4736277563344, 796.9146111392752, 852.9303680022757, 827.4057529242712, 781.9638014354568, 754.4475574893335, 769.0352304181267, 743.5589127933853, 714.0399630082035, 818.9804844751586, 798.7452597789764, 712.6291120244097, 756.6935429403643, 760.8926104625122, 808.8599169161381, 667.3656986828956, 751.1563802421587, 805.288770307861, 773.861944505621, 783.1588845594655, 765.0701286473736, 707.425273336059, 723.159240658858, 864.3465899200846, 770.2760526750419, 781.9884273112351, 795.4376272290698, 723.8825002227734, 787.8899750774793, 791.0228730549179, 838.5202658035777, 767.036968563919, 810.0851507263806, 828.6571669386423, 817.4989334400194, 801.9215348568031, 759.8159033222687, 736.0292933329546, 770.4109960591958, 799.1466823432985, 797.4728957375439, 799.0646375447593, 760.9485227266189, 756.1378637511508]
9世代
rank = 0, pop_id = 0, calclation_time:118.5456051826477[sec]
pop_index = 0, scores = 770.954901543687, rank = 0
9世代評価 : [770.954901543687, 784.6498040788965, 809.6683785842832, 754.7877572105264, 828.4081540592485, 753.575303093798, 740.5184113553505, 793.7167777566807, 802.7281580818611, 781.9015553725727, 717.4721728689119, 797.2451685295143, 755.7305599217445, 752.9809276092076, 785.5453514375017, 713.5874880988713, 735.1858547339515, 785.0958586227115, 824.5798646819893, 786.8202923611435, 828.0901983457038, 791.1314584655365, 767.5954229901483, 784.9878703834909, 756.8531806437647, 735.5407173586317, 744.3384925013223, 752.1351747972673, 788.0443882609477, 780.2283249241117, 731.2518082128131, 802.8312166512553, 813.5209133065466, 800.4218842052462, 813.2999218209001, 784.8297201474699, 723.3348618599823, 813.1829562724063, 785.7343994839127, 788.4568770477265, 695.4333966531092, 750.949967463798, 763.5153834087555, 837.3511725568436, 798.8974859556773, 801.5502689757228, 851.6812240479009, 801.4552780232108, 842.590088251251, 787.1929508274111, 820.9737623005263, 783.7303054654592, 744.3354991792199, 797.5999765583462, 800.4626291504143, 693.3980531806152, 814.6360191708357, 777.1515242630369, 847.8448368563242, 816.6090454811574, 810.5045460379539, 765.3082270490528, 741.9826047919928, 697.7610284796675, 768.963798242956, 765.6611794159137, 837.6578039885361, 826.7366623990371, 781.7076512164591, 768.9876935300655, 827.4564740957657, 808.7963729571003, 822.3602397244865, 804.4183488733203, 767.9613186278107, 829.3707261413184]
10世代
rank = 0, pop_id = 0, calclation_time:125.10341238975525[sec]
pop_index = 0, scores = 781.0538745582321, rank = 0
