Popularity : [[7, 4], [11, 8], [13, 5], [15, 7], [3, 2], [8, 4], [4, 4], [7, 7], [5, 8], [4, 5], [6, 15], [15, 3], [7, 5], [7, 5], [2, 14], [5, 5], [6, 4], [6, 8], [5, 3], [5, 5], [4, 8], [17, 7], [5, 8], [6, 4], [8, 15], [1, 13], [6, 5], [7, 4], [6, 4], [4, 16], [8, 6], [4, 14], [17, 6]]
Distance : [[0.0, 194.09276132818556, 242.26019070412704, 197.71696942852427, 262.94486114012574, 160.41508657230466, 144.01388821915754, 124.66354719804824, 320.22023671217283, 326.2590994899606, 161.4465855941215, 20.248456731316587, 135.36986370680884, 353.11896012533794, 292.88222889072665, 320.5448486561592, 279.69268849936, 296.5569085352759, 254.24397731313127, 162.45922565370057, 194.64069461446135, 185.9704277566732, 359.21302871694394, 272.6187814513153, 34.058772731852805, 370.81801466487576, 394.32093527988087, 273.4684625327023, 103.58088626768937, 141.00354605470034, 158.80806024884254, 250.23389059038345, 135.2368293032634], [194.09276132818556, 0.0, 115.80155439371269, 184.40173534975207, 417.3296059471458, 345.4750352775147, 89.19641248391103, 300.2682134359213, 126.17844506887855, 132.60844618650805, 309.2005821469293, 193.00259065618783, 85.42247947700886, 297.90099026354375, 330.21810973960834, 324.0015432062014, 211.40482492128697, 104.04806581575652, 160.12495120998477, 32.202484376209235, 298.2096577912929, 62.96824596572466, 282.70479302622374, 87.98295289429652, 165.3602128687551, 293.16548227920697, 335.19695702676063, 406.1785321752, 94.64142856064674, 286.6251907980176, 90.35485598461214, 103.4842983258813, 173.08090593707902], [242.26019070412704, 115.80155439371269, 0.0, 115.00434774390054, 497.07343521858013, 402.61271713645607, 195.0230755577401, 310.6976021793538, 152.76452467768817, 150.41608956491322, 389.3237727136631, 231.49082055234933, 187.09623192357455, 412.69964865504795, 441.4997168742014, 438.80861431836087, 326.67108840544796, 159.22311389996113, 274.69619582367716, 130.18832512940628, 393.7321424522006, 65.76473218982953, 395.41876536148357, 86.81589716175259, 225.94247055390008, 405.4281687302943, 449.0668101741655, 495.5290102506613, 174.8742405273001, 366.61696632861936, 83.48652585896721, 24.351591323771842, 146.74126890551273], [197.71696942852427, 184.40173534975207, 115.00434774390054, 0.0, 459.71295391798566, 345.98410368107955, 227.06827167175956, 221.73181999884454, 263.78210705049725, 262.90872941003687, 359.01671270290467, 180.0499930574839, 215.58524995926786, 468.8464567425033, 460.53881486797616, 471.8315377335432, 382.4133888869478, 263.10834270315337, 335.8392472597567, 177.55280904564702, 384.022134778713, 122.96747537458837, 459.5671876885903, 197.1319355152787, 198.16155025635018, 470.6442393145804, 508.6226499085545, 470.87684164757985, 184.4911922016875, 338.07987221956887, 96.16652224137046, 138.1774221788784, 63.60031446463138], [262.94486114012574, 417.3296059471458, 497.07343521858013, 459.71295391798566, 0.0, 130.49521064008442, 332.38531856867564, 288.90309794116087, 533.4875818610964, 542.4361713602809, 108.55873986004075, 279.7320146139873, 333.02402315748935, 376.7505806233084, 230.21728866442677, 286.6304240655552, 357.2002239640955, 500.87323745634484, 372.90749523172633, 386.90696556149, 139.18692467326088, 434.2775610136909, 405.77087130546965, 505.14255413694855, 271.8602582210206, 414.04589117632844, 405.6168142471414, 55.362442142665635, 327.3912033027155, 131.36970731489052, 414.9313196180785, 500.0729946717779, 396.35463918062067], [160.41508657230466, 345.4750352775147, 402.61271713645607, 345.98410368107955, 130.49521064008442, 0.0, 274.23530042647684, 158.67577004697347, 470.33817620941636, 477.6107201476952, 92.47702417357513, 172.03778654702577, 270.29243422633937, 403.9009779636588, 285.112258592997, 333.94610343586885, 356.506661929339, 442.4624277834221, 353.20956951928696, 313.29219588109754, 163.41358572652396, 345.71953951143695, 423.79830108201236, 429.0314673773941, 181.79383927955314, 434.18083790052276, 440.51106683033515, 167.45148551147582, 250.83859352181037, 98.00510190801293, 319.2005639092763, 410.48751503547584, 282.630500831032], [144.01388821915754, 89.19641248391103, 195.0230755577401, 227.06827167175956, 332.38531856867564, 274.23530042647684, 0.0, 266.47513955339247, 201.5365971728212, 210.21179795625173, 225.6213642366343, 151.95394038984313, 12.041594578792296, 243.28789530101986, 246.6576574931336, 248.28411145298847, 158.41717078650282, 170.41713528867922, 119.07980517283357, 65.12296062065974, 209.33466029303412, 130.64838307457157, 238.29813259864207, 176.22996340009834, 110.07270324653611, 249.8039231077046, 283.86792703650053, 318.15876539866065, 50.60632371551998, 203.6516633862832, 135.55810562264435, 188.06647760831805, 190.22355269524328], [124.66354719804824, 300.2682134359213, 310.6976021793538, 221.73181999884454, 288.90309794116087, 158.67577004697347, 266.47513955339247, 0.0, 422.24637357827004, 426.3543127493845, 219.91361940543837, 114.5294721894762, 256.78006153126455, 473.60109797170026, 393.9098881724093, 430.2859514323004, 403.3422864020087, 404.19920831194116, 378.88916585196785, 271.53268679847736, 278.77230852435827, 271.8602582210206, 482.0840175737005, 365.2971393263298, 158.26875876179733, 493.61624770665725, 514.3734052223151, 320.67740799750766, 221.02036105300343, 208.90428430264421, 236.28161164170183, 326.3525700833379, 166.33099530754933], [320.22023671217283, 126.17844506887855, 152.76452467768817, 263.78210705049725, 533.4875818610964, 470.33817620941636, 201.5365971728212, 422.24637357827004, 0.0, 11.045361017187261, 427.15102715550154, 318.42267507198665, 202.47468977627796, 329.4389169481954, 408.93642537685486, 386.84622267769396, 255.43100829773977, 36.40054944640259, 205.36065835500236, 158.14550262337528, 405.2776825831889, 154.63505424062166, 301.66372005927394, 66.70832032063167, 291.38462553813645, 309.0711892105118, 357.5136361035758, 515.9089066879927, 219.9681795169474, 405.17280264104596, 191.84629264074925, 128.41339493993607, 277.2183255125822], [326.2590994899606, 132.60844618650805, 150.41608956491322, 262.90872941003687, 542.4361713602809, 477.6107201476952, 210.21179795625173, 426.3543127493845, 11.045361017187261, 0.0, 435.8072968641071, 323.87188825212974, 210.7368026710095, 340.3762623920769, 419.7344398545347, 397.85424466756666, 266.47513955339247, 47.29693436154187, 216.3631207022121, 164.75436261295178, 414.9216793564781, 157.00318468107582, 312.44359490954525, 66.12110101926616, 297.9681191000138, 319.77648443874045, 368.27435425236985, 525.4559924484638, 226.92730113408567, 413.7305886685199, 194.17775361765828, 126.1269202034205, 278.86914494077683], [161.4465855941215, 309.2005821469293, 389.3237727136631, 359.01671270290467, 108.55873986004075, 92.47702417357513, 225.6213642366343, 219.91361940543837, 427.15102715550154, 435.8072968641071, 0.0, 180.06943105369106, 225.49944567559362, 314.7697571241558, 192.78226059469267, 241.6112580158466, 275.1526848860465, 395.41497189661396, 280.40149785619906, 278.53904573685895, 70.9365914038728, 326.0337405852345, 337.0949421157191, 396.8727755843174, 165.5203914930121, 347.00576364089403, 350.16853085335924, 112.0714058089752, 218.8332698654389, 22.825424421026653, 307.82624969290714, 391.76013069223876, 296.67490625261854], [20.248456731316587, 193.00259065618783, 231.49082055234933, 180.0499930574839, 279.7320146139873, 172.03778654702577, 151.95394038984313, 114.5294721894762, 318.42267507198665, 323.87188825212974, 180.06943105369106, 0.0, 142.28492541376264, 369.16798344385177, 312.61797773000836, 339.32432862970495, 293.86051112730337, 296.627712798383, 265.80067720004024, 162.2621335986927, 214.84180226389836, 178.36199146679206, 373.9090798576574, 267.75548547135315, 46.06517122512408, 385.5489592775475, 410.47898850002053, 292.138665705175, 107.29864864013899, 160.11246047700348, 148.60013458944107, 241.12444919584576, 116.96580696938743], [135.36986370680884, 85.42247947700886, 187.09623192357455, 215.58524995926786, 333.02402315748935, 270.29243422633937, 12.041594578792296, 256.78006153126455, 202.47468977627796, 210.7368026710095, 225.49944567559362, 142.28492541376264, 0.0, 255.22147245088922, 255.43100829773977, 258.6774052753738, 170.4494059831245, 172.62966141425406, 130.86252328302402, 58.463663928973865, 213.00234740490538, 122.06555615733703, 250.3377718203947, 173.28012003689287, 101.71037311896953, 261.8415551435639, 295.84455377782433, 320.764711276038, 38.91015291668744, 203.21663317750347, 124.91997438360288, 181.33394607739612, 178.19652072922187], [353.11896012533794, 297.90099026354375, 412.69964865504795, 468.8464567425033, 376.7505806233084, 403.9009779636588, 243.28789530101986, 473.60109797170026, 329.4389169481954, 340.3762623920769, 314.7697571241558, 369.16798344385177, 255.22147245088922, 0.0, 152.7121475194426, 98.79271228182775, 86.95401083331349, 295.2371927789587, 138.00362314084367, 293.62561196189955, 248.03225596683993, 358.42153953131776, 37.8021163428716, 353.63823322712153, 323.39604202896487, 40.80441152620633, 41.400483088968905, 330.4905444940899, 291.3829095880539, 305.8970415025291, 374.1456935473132, 396.7719748167705, 433.0819783828461], [292.88222889072665, 330.21810973960834, 441.4997168742014, 460.53881486797616, 230.21728866442677, 285.112258592997, 246.6576574931336, 393.9098881724093, 408.93642537685486, 419.7344398545347, 192.78226059469267, 312.61797773000836, 255.43100829773977, 152.7121475194426, 0.0, 56.71860364994893, 166.4692163734785, 372.550667695013, 206.73654732533385, 311.3149530620076, 122.11879462228572, 377.27576121452597, 186.6815470259447, 409.13200803652603, 273.76632371422164, 192.753728887407, 176.70597047072292, 180.34688796871433, 278.0017985553331, 192.81597444195333, 378.16398559355173, 433.0046189130088, 409.0928989850594], [320.5448486561592, 324.0015432062014, 438.80861431836087, 471.8315377335432, 286.6304240655552, 333.94610343586885, 248.28411145298847, 430.2859514323004, 386.84622267769396, 397.85424466756666, 241.6112580158466, 339.32432862970495, 258.6774052753738, 98.79271228182775, 56.71860364994893, 0.0, 133.15029102484155, 350.66365651433, 181.49655644116226, 310.00645154577023, 170.88007490635061, 377.1710487298833, 134.80726983364065, 396.00505047284435, 296.89223634174067, 139.51702405083043, 120.07497657713701, 237.06539182259397, 287.34648075102643, 238.32121181296472, 383.59483833857826, 427.4248471953871, 425.4409477236529], [279.69268849936, 211.40482492128697, 326.67108840544796, 382.4133888869478, 357.2002239640955, 356.506661929339, 158.41717078650282, 403.3422864020087, 255.43100829773977, 266.47513955339247, 275.1526848860465, 293.86051112730337, 170.4494059831245, 86.95401083331349, 166.4692163734785, 133.15029102484155, 0.0, 219.65882636488797, 52.952809179494906, 206.70026608594387, 218.76242821837573, 271.53084539329967, 80.7093550959243, 271.67075661542964, 247.81444671366518, 92.35799911215054, 126.21014222319853, 319.845275094068, 207.81963333621778, 261.0938528575501, 287.3882391469769, 311.52046481732145, 348.6387815490411], [296.5569085352759, 104.04806581575652, 159.22311389996113, 263.10834270315337, 500.87323745634484, 442.4624277834221, 170.41713528867922, 404.19920831194116, 36.40054944640259, 47.29693436154187, 395.41497189661396, 296.627712798383, 172.62966141425406, 295.2371927789587, 372.550667695013, 350.66365651433, 219.65882636488797, 0.0, 169.1685549976709, 134.40610105199838, 371.0053907964142, 145.52319402761884, 268.69313351851775, 74.33034373659252, 266.1766330841233, 276.5863337187866, 324.59359205012044, 481.80597754697897, 194.11594473406868, 373.7378760575385, 181.79658962697843, 135.66502865514016, 268.07648162418127], [254.24397731313127, 160.12495120998477, 274.69619582367716, 335.8392472597567, 372.90749523172633, 353.20956951928696, 119.07980517283357, 378.88916585196785, 205.36065835500236, 216.3631207022121, 280.40149785619906, 265.80067720004024, 130.86252328302402, 138.00362314084367, 206.73654732533385, 181.49655644116226, 52.952809179494906, 169.1685549976709, 0.0, 158.52129194527782, 234.08759044426085, 221.43396306799912, 123.84667940643382, 218.79899451322896, 220.70795182774907, 134.82581355215328, 175.13708916160505, 341.73820389298004, 169.6850022836432, 263.10834270315337, 239.9416595758227, 259.0, 306.72626232522055], [162.45922565370057, 32.202484376209235, 130.18832512940628, 177.55280904564702, 386.90696556149, 313.29219588109754, 65.12296062065974, 271.53268679847736, 158.14550262337528, 164.75436261295178, 278.53904573685895, 162.2621335986927, 58.463663928973865, 293.62561196189955, 311.3149530620076, 310.00645154577023, 206.70026608594387, 134.40610105199838, 158.52129194527782, 0.0, 270.83574357901875, 67.1863081289633, 282.36324123369883, 118.40608092492548, 133.25539388707685, 293.33428030150174, 332.5567620722814, 377.48642359692883, 62.48199740725323, 255.86129054626454, 81.46778504415104, 123.0447073221762, 155.64061166674975], [194.64069461446135, 298.2096577912929, 393.7321424522006, 384.022134778713, 139.18692467326088, 163.41358572652396, 209.33466029303412, 278.77230852435827, 405.2776825831889, 414.9216793564781, 70.9365914038728, 214.84180226389836, 213.00234740490538, 248.03225596683993, 122.11879462228572, 170.88007490635061, 218.76242821837573, 371.0053907964142, 234.08759044426085, 270.83574357901875, 0.0, 328.16154558387854, 273.1245137295442, 385.56452118938535, 186.07794065928394, 282.39157211220027, 281.78360491696463, 110.8873302050329, 218.8880992653552, 71.7007670809734, 317.52952618614853, 391.76013069223876, 325.2691193458119], [185.9704277566732, 62.96824596572466, 65.76473218982953, 122.96747537458837, 434.2775610136909, 345.71953951143695, 130.64838307457157, 271.8602582210206, 154.63505424062166, 157.00318468107582, 326.0337405852345, 178.36199146679206, 122.06555615733703, 358.42153953131776, 377.27576121452597, 377.1710487298833, 271.53084539329967, 145.52319402761884, 221.43396306799912, 67.1863081289633, 328.16154558387854, 0.0, 344.7622369111791, 93.60555539069249, 165.42369842317032, 355.38289210371397, 396.50472884948044, 430.8526430231106, 109.48059188732951, 303.2375306587231, 37.21558813185679, 65.86349520030045, 123.03657992645927], [359.21302871694394, 282.70479302622374, 395.41876536148357, 459.5671876885903, 405.77087130546965, 423.79830108201236, 238.29813259864207, 482.0840175737005, 301.66372005927394, 312.44359490954525, 337.0949421157191, 373.9090798576574, 250.3377718203947, 37.8021163428716, 186.6815470259447, 134.80726983364065, 80.7093550959243, 268.69313351851775, 123.84667940643382, 282.36324123369883, 273.1245137295442, 344.7622369111791, 0.0, 331.09062203572, 327.84447532328494, 11.661903789690601, 55.90169943749474, 361.4982710885351, 288.1405906844782, 326.2207841324645, 363.7609104892938, 378.00132274900835, 428.29078906742785], [272.6187814513153, 87.98295289429652, 86.81589716175259, 197.1319355152787, 505.14255413694855, 429.0314673773941, 176.22996340009834, 365.2971393263298, 66.70832032063167, 66.12110101926616, 396.8727755843174, 267.75548547135315, 173.28012003689287, 353.63823322712153, 409.13200803652603, 396.00505047284435, 271.67075661542964, 74.33034373659252, 218.79899451322896, 118.40608092492548, 385.56452118938535, 93.60555539069249, 331.09062203572, 0.0, 247.315587862957, 340.03676271838606, 386.50485119853283, 494.01619406655084, 179.8777362543792, 374.22586762542215, 130.24976007655445, 62.609903369994115, 213.5883891975404], [34.058772731852805, 165.3602128687551, 225.94247055390008, 198.16155025635018, 271.8602582210206, 181.79383927955314, 110.07270324653611, 158.26875876179733, 291.38462553813645, 297.9681191000138, 165.5203914930121, 46.06517122512408, 101.71037311896953, 323.39604202896487, 273.76632371422164, 296.89223634174067, 247.81444671366518, 266.1766330841233, 220.70795182774907, 133.25539388707685, 186.07794065928394, 165.42369842317032, 327.84447532328494, 247.315587862957, 0.0, 339.4849039353591, 364.7423748346221, 275.5739465188972, 72.09022125087424, 143.33875958721003, 143.17821063276352, 231.0432859877127, 139.44532978913278], [370.81801466487576, 293.16548227920697, 405.4281687302943, 470.6442393145804, 414.04589117632844, 434.18083790052276, 249.8039231077046, 493.61624770665725, 309.0711892105118, 319.77648443874045, 347.00576364089403, 385.5489592775475, 261.8415551435639, 40.80441152620633, 192.753728887407, 139.51702405083043, 92.35799911215054, 276.5863337187866, 134.82581355215328, 293.33428030150174, 282.39157211220027, 355.38289210371397, 11.661903789690601, 340.03676271838606, 339.4849039353591, 0.0, 49.0, 369.04877726392755, 299.70151818100624, 336.48179742743883, 374.7665940288702, 387.7434718986253, 439.73287345842135], [394.32093527988087, 335.19695702676063, 449.0668101741655, 508.6226499085545, 405.6168142471414, 440.51106683033515, 283.86792703650053, 514.3734052223151, 357.5136361035758, 368.27435425236985, 350.16853085335924, 410.47898850002053, 295.84455377782433, 41.400483088968905, 176.70597047072292, 120.07497657713701, 126.21014222319853, 324.59359205012044, 175.13708916160505, 332.5567620722814, 281.78360491696463, 396.50472884948044, 55.90169943749474, 386.50485119853283, 364.7423748346221, 49.0, 0.0, 356.9677856613955, 332.34018715767735, 342.6149442158062, 413.4936517045939, 432.26149493101974, 473.8966131974357], [273.4684625327023, 406.1785321752, 495.5290102506613, 470.87684164757985, 55.362442142665635, 167.45148551147582, 318.15876539866065, 320.67740799750766, 515.9089066879927, 525.4559924484638, 112.0714058089752, 292.138665705175, 320.764711276038, 330.4905444940899, 180.34688796871433, 237.06539182259397, 319.845275094068, 481.80597754697897, 341.73820389298004, 377.48642359692883, 110.8873302050329, 430.8526430231106, 361.4982710885351, 494.01619406655084, 275.5739465188972, 369.04877726392755, 356.9677856613955, 0.0, 321.645767887594, 132.84953895290718, 415.81366018927275, 495.8265825870977, 408.70527278223364], [103.58088626768937, 94.64142856064674, 174.8742405273001, 184.4911922016875, 327.3912033027155, 250.83859352181037, 50.60632371551998, 221.02036105300343, 219.9681795169474, 226.92730113408567, 218.8332698654389, 107.29864864013899, 38.91015291668744, 291.3829095880539, 278.0017985553331, 287.34648075102643, 207.81963333621778, 194.11594473406868, 169.6850022836432, 62.48199740725323, 218.8880992653552, 109.48059188732951, 288.1405906844782, 179.8777362543792, 72.09022125087424, 299.70151818100624, 332.34018715767735, 321.645767887594, 0.0, 196.02295783912658, 101.17806086301516, 174.18381095842403, 141.8731828077456], [141.00354605470034, 286.6251907980176, 366.61696632861936, 338.07987221956887, 131.36970731489052, 98.00510190801293, 203.6516633862832, 208.90428430264421, 405.17280264104596, 413.7305886685199, 22.825424421026653, 160.11246047700348, 203.21663317750347, 305.8970415025291, 192.81597444195333, 238.32121181296472, 261.0938528575501, 373.7378760575385, 263.10834270315337, 255.86129054626454, 71.7007670809734, 303.2375306587231, 326.2207841324645, 374.22586762542215, 143.33875958721003, 336.48179742743883, 342.6149442158062, 132.84953895290718, 196.02295783912658, 0.0, 285.2823163114041, 368.9512162874653, 276.14670014323906], [158.80806024884254, 90.35485598461214, 83.48652585896721, 96.16652224137046, 414.9313196180785, 319.2005639092763, 135.55810562264435, 236.28161164170183, 191.84629264074925, 194.17775361765828, 307.82624969290714, 148.60013458944107, 124.91997438360288, 374.1456935473132, 378.16398559355173, 383.59483833857826, 287.3882391469769, 181.79658962697843, 239.9416595758227, 81.46778504415104, 317.52952618614853, 37.21558813185679, 363.7609104892938, 130.24976007655445, 143.17821063276352, 374.7665940288702, 413.4936517045939, 415.81366018927275, 101.17806086301516, 285.2823163114041, 0.0, 92.84934033152847, 86.28441342444185], [250.23389059038345, 103.4842983258813, 24.351591323771842, 138.1774221788784, 500.0729946717779, 410.48751503547584, 188.06647760831805, 326.3525700833379, 128.41339493993607, 126.1269202034205, 391.76013069223876, 241.12444919584576, 181.33394607739612, 396.7719748167705, 433.0046189130088, 427.4248471953871, 311.52046481732145, 135.66502865514016, 259.0, 123.0447073221762, 391.76013069223876, 65.86349520030045, 378.00132274900835, 62.609903369994115, 231.0432859877127, 387.7434718986253, 432.26149493101974, 495.8265825870977, 174.18381095842403, 368.9512162874653, 92.84934033152847, 0.0, 165.08179790637126], [135.2368293032634, 173.08090593707902, 146.74126890551273, 63.60031446463138, 396.35463918062067, 282.630500831032, 190.22355269524328, 166.33099530754933, 277.2183255125822, 278.86914494077683, 296.67490625261854, 116.96580696938743, 178.19652072922187, 433.0819783828461, 409.0928989850594, 425.4409477236529, 348.6387815490411, 268.07648162418127, 306.72626232522055, 155.64061166674975, 325.2691193458119, 123.03657992645927, 428.29078906742785, 213.5883891975404, 139.44532978913278, 439.73287345842135, 473.8966131974357, 408.70527278223364, 141.8731828077456, 276.14670014323906, 86.28441342444185, 165.08179790637126, 0.0]]
0世代
rank = 0, pop_id = 0, calclation_time:132.1348557472229[sec]
pop_index = 0, scores = 64.73675666377973, rank = 0
0世代評価 : [64.73675666377973, 87.18753611438802, 56.58267932317259, 89.61289245444615, 97.93230183925144, 88.47440217379953, 102.83008464580116, 69.33358292395535, 69.98954510321921, 67.96670588466334, 93.67940507990802, 63.604115424444565, 73.49496422713862, 66.7040481575348, 101.73522142573188, 75.88248159921204, 68.8770731847857, 83.93314256575333, 65.03401698835785, 50.23623967939249, 64.9322340637942, 65.97708973572294, 52.90368794505608, 93.42262017678398, 97.15985940744332, 72.06444734031031, 80.44992783656386, 74.01911760263816, 58.592155406844796, 63.8910018695822, 77.40042836626509, 72.55972023917623, 70.8719548460508, 69.31238764308748, 90.58822605028975, 91.08580427795148, 83.36541024842697, 120.58335006439557, 66.09887277431127, 68.24109599156166, 65.12843614751522, 66.98783705862402, 58.25639824876678, 62.82057905129163, 87.92406979247949, 66.83900241529824, 75.8563357710102, 67.06810352911035, 69.35124825749685, 71.83107400074182, 77.84486317338916, 90.3047411951156, 76.71563734491934, 85.03372395208149, 68.64225472743762, 83.58597618968999, 81.80641246016759, 77.42137261396019, 95.92968458954118, 74.45326091931972, 60.25872163148887, 81.15935411025033, 80.69865272460001, 65.94221434303508, 86.23142068526869, 96.39378993912933, 95.3033954616464, 93.74268892193334, 83.69187749798833, 69.526444880639, 63.77195329973085, 67.74748863254683, 92.61089896544834, 86.81464887692007, 67.44147185663375, 86.02881753505181]
0世代, new best [1, 0, 0, 1, 1, 1, 0, 1, 1, 0, 1, 1, 1, 1, 1, 1, 1, 0, 0, 0, 0, 1, 1, 1, 0, 1, 1, 0, 1, 0, 1, 0, 1] = 64.73675666377973
拠点利用数 : 21
0世代, new best [1, 1, 0, 0, 0, 1, 0, 1, 1, 1, 1, 1, 1, 1, 1, 1, 0, 1, 1, 1, 1, 1, 0, 1, 1, 1, 1, 1, 0, 1, 0, 1, 1] = 56.58267932317259
拠点利用数 : 25
0世代, new best [1, 0, 1, 1, 1, 1, 0, 0, 1, 1, 1, 0, 1, 1, 0, 1, 1, 1, 1, 1, 1, 0, 1, 1, 0, 0, 1, 0, 0, 1, 0, 0, 1] = 52.90368794505608
拠点利用数 : 21
1世代
rank = 0, pop_id = 0, calclation_time:102.00240588188171[sec]
pop_index = 0, scores = 114.79808478189705, rank = 0
1世代評価 : [114.79808478189705, 83.64454466496048, 79.79612001525578, 61.15430265725346, 73.78831511283363, 84.5950353260258, 80.42337591663349, 78.10776563329068, 71.08645569088667, 75.2778534971389, 81.28357256339008, 74.06440713045845, 93.40307217080205, 80.21377611183419, 62.64669016703953, 87.48072268215311, 68.07398507091288, 58.86870606681132, 85.97176327915065, 72.82245971401073, 88.92408354394748, 69.78516205109612, 93.60335513286775, 91.01646584844202, 64.86969965680494, 79.14222071925246, 68.99478663172587, 77.05204929004408, 67.4335754655589, 62.03588595480652, 65.40637715634239, 101.45106332759154, 81.88881744371055, 101.0542176586953, 90.58285197354651, 67.66913905924065, 72.17957284434712, 69.38512330407565, 76.98134532410383, 92.72780037685355, 64.48513782320519, 72.32619973407623, 95.56399890904856, 93.34743592949579, 70.77710586666993, 77.90717778234607, 66.99514856927613, 79.3648581040146, 87.14235490679786, 58.36010528088072, 60.17093515880023, 94.71993252367331, 59.001354010086956, 56.368400198412544, 68.0746086776299, 76.16212198874626, 91.00390624223746, 84.6047836661521, 81.68157063265453, 76.58515535401453, 97.30953558514585, 64.6621244573864, 62.7648677796078, 69.51598252169558, 69.04798926751585, 97.31676139385283, 96.74548163948685, 79.07909539253325, 65.98135452322332, 77.54279644727146, 60.497156047130964, 80.90648371957646, 66.64845979280811, 72.78761079386251, 84.82097613056803, 67.01613223114082]
2世代
rank = 0, pop_id = 0, calclation_time:127.27924251556396[sec]
pop_index = 0, scores = 102.7634113918835, rank = 0
2世代評価 : [102.7634113918835, 74.12963557673372, 69.83226985856518, 44.28491919762057, 78.22897613263945, 76.22352644067558, 68.6806637151347, 71.33472668581784, 71.51115340867752, 68.03575995125263, 104.50480358094192, 83.8647613574925, 99.56109315299355, 86.39254925811106, 66.46759195007732, 71.31069061361679, 108.71171481039569, 75.76980854747691, 69.3547642759034, 91.67164368202023, 70.02629930324807, 96.26582964456611, 73.05477851182735, 103.59971982898256, 101.98908688428666, 68.24420461292587, 59.09027889824898, 71.70195965236661, 69.03997730600578, 60.10012927624732, 87.35321006491345, 67.6046290694032, 95.15009570016664, 67.53336707183487, 68.89601463626938, 93.49362677371425, 137.62027288518414, 66.63298276084265, 66.66350474255074, 70.06160672311147, 66.31776075230793, 86.93646615960515, 103.01379534464246, 72.10471959177671, 76.38833172364504, 61.38547993160424, 97.92719118810471, 59.241427755931305, 85.1864955168809, 71.88116921384405, 86.72344873177217, 68.58273038197618, 73.21539843939537, 103.31053684418632, 69.73839392973233, 71.18721172005867, 71.84426179836373, 70.16750985055452, 88.58963626708875, 73.06625573551584, 67.51826852166363, 68.5335928645307, 58.87890328727912, 66.25355177264964, 85.2220025672435, 111.48967011878364, 73.91699568084694, 63.00287703176313, 87.31129715917315, 107.9489689811245, 65.8042378428183, 83.60962436934766, 91.22722633357398, 69.0293837649968, 96.24693272771557, 103.4147083714758]
2世代, new best [1, 1, 1, 1, 1, 0, 0, 1, 1, 1, 1, 1, 1, 1, 0, 0, 1, 1, 0, 1, 1, 1, 1, 1, 1, 1, 1, 0, 0, 1, 0, 1, 1] = 44.28491919762057
拠点利用数 : 25
3世代
rank = 0, pop_id = 0, calclation_time:133.87802410125732[sec]
pop_index = 0, scores = 96.14005141023364, rank = 0
3世代評価 : [96.14005141023364, 82.48375401085033, 98.24257175465826, 82.51214463131099, 62.0697506159001, 78.88809128278749, 88.4419439653684, 81.2541675813876, 55.21998089804351, 84.1038211877411, 66.0907732430129, 71.74867777955201, 91.26585457067192, 67.89728765542834, 92.26518235239915, 79.71309650115653, 102.14488224497529, 89.00306068233559, 86.30088798994616, 89.96714070950645, 70.48323969277605, 75.86066742793514, 71.88802095112048, 95.82371174019998, 97.0290705810886, 86.89851103780114, 51.988863858104494, 85.69036664216016, 84.21983051922523, 90.45562775899879, 84.78791343795508, 85.56648418699649, 75.95397227375636, 71.65529447912664, 62.527669737623064, 65.38289743408968, 100.14809003580866, 113.64603306838274, 77.61961192508042, 52.67938994608836, 91.50548360291872, 65.01375912577015, 87.96446640085057, 53.01280001175848, 79.32650704421815, 66.59652358282862, 61.69843105241523, 96.12144777219815, 69.70216840892562, 75.06505668110843, 74.37644831104552, 67.66715753983037, 64.1531616262376, 88.67856589678932, 74.72716515386418, 80.81448584068102, 60.58988928331857, 81.3280926715107, 74.8820237371056, 66.6925877357637, 80.27526171272656, 90.5615997260439, 77.01521157603992, 59.409123783926354, 102.57843546489792, 69.70704122696073, 68.83832386533511, 50.240308135492384, 94.18212144383945, 83.0819786535108, 90.38412664839767, 91.80219574234292, 96.69890157359238, 88.62629603217626, 101.104468309065, 78.4886881136207]
4世代
rank = 0, pop_id = 0, calclation_time:151.78964710235596[sec]
pop_index = 0, scores = 83.28308007276229, rank = 0
4世代評価 : [83.28308007276229, 69.92430069223445, 105.28905868223484, 86.00598906827325, 83.91159624899986, 80.97231851518536, 68.05161206343709, 69.94988374605805, 67.79119114593256, 99.66374653535163, 87.13679295663161, 83.50873302783214, 74.80982428130517, 85.50714222724105, 96.55434721096266, 96.6898488042011, 66.35216598778833, 106.51730349028257, 77.96712357207527, 86.99100814808875, 96.40814836974839, 103.75715930802387, 73.99258497675348, 64.54699792097182, 78.0322388990165, 61.04142468586533, 65.70804511450662, 63.69086583131661, 77.50330147681645, 91.86615193215485, 88.41583119921822, 70.70363416521613, 71.2171428601129, 54.855279194600364, 77.73254807067677, 71.01059455672024, 92.0121819695683, 67.47561388067018, 85.24586899208778, 82.23143029890156, 79.00778968912009, 69.11893187878036, 96.52964903845807, 69.40001775522587, 66.06827770754325, 90.6357357576638, 69.53424313356331, 85.4481912138572, 83.11646753706741, 71.7528444879418, 76.25723067521413, 70.57593564178266, 87.1615591845923, 78.67128114344779, 66.82000855997818, 72.85271204006388, 77.22343286806489, 114.81791020104764, 71.03743846860554, 89.8674341961284, 78.38800911405836, 77.89464522398879, 89.23087836813592, 69.36963270553396, 60.75002322024189, 70.50270121194602, 60.892037979267045, 99.28938358498026, 85.66325141846795, 102.65189800190166, 78.93086066312833, 75.01854776215683, 64.71726405558353, 78.6148132785653, 83.33180663678186, 66.1707002294696]
5世代
rank = 0, pop_id = 0, calclation_time:108.4814841747284[sec]
pop_index = 0, scores = 66.51390935679328, rank = 0
5世代評価 : [66.51390935679328, 87.41608556348088, 69.73214714477268, 71.13040825883272, 64.56756846250514, 59.31076349549336, 95.61743101893653, 73.75028411208169, 70.84538607574862, 75.33234238737103, 90.94950324042411, 65.90689533188691, 63.88824969040397, 75.13481255480306, 69.65442605653784, 77.73238442686998, 60.85621305220864, 114.79429981858573, 70.18391814036968, 80.48456620986698, 57.94692346406278, 65.02645955836806, 71.01314562259697, 86.76764990981563, 88.64867661641742, 71.10193224488106, 71.9469073200723, 97.80759992752967, 64.8935965801909, 97.30385685789003, 73.78182399888868, 71.82385396192974, 81.15283852069076, 75.89118609916532, 69.73031437298201, 76.69018607789793, 71.62067608033921, 104.45107703932575, 81.40262170133997, 57.75577533305854, 96.88380353770081, 74.18524364511747, 84.332339205147, 94.69717049656238, 76.0061826042781, 64.44041945925355, 93.62215941253001, 65.91153365601257, 71.57132647976948, 84.01338374743759, 103.78499293427313, 85.0672749151156, 64.86786604745187, 64.54759593689639, 69.7735677267896, 69.64612602925901, 77.75742113543942, 92.54677042780133, 102.18764671338067, 71.45444111739937, 72.86869900513497, 78.16382877837452, 67.36300145492645, 79.01339115181725, 63.66984178630098, 87.04115773642727, 68.74334949645933, 84.33991538405147, 94.34972067227993, 85.35363186008249, 62.459414411656965, 66.8121555743955, 64.86774225130446, 90.61547427820122, 72.93225854081872, 91.1679993374992]
6世代
rank = 0, pop_id = 0, calclation_time:120.03273892402649[sec]
pop_index = 0, scores = 66.9535995864926, rank = 0
6世代評価 : [66.9535995864926, 97.2645200429025, 92.9162955538678, 79.22260264805908, 100.37749642745827, 79.15966751484635, 98.96787848420963, 70.8848881686031, 66.86992291640604, 72.07944495498396, 78.80322881602402, 68.81055785412504, 63.39950445005979, 92.94914994491756, 93.48049990097434, 94.9015637950064, 83.95975264091467, 66.31079719911108, 67.13730610297854, 98.53794736361863, 60.878646037206465, 93.96671153289907, 76.71688170006887, 55.78136455556963, 99.71401332037532, 81.49847344151605, 89.28098877318163, 73.87917280875453, 94.99170351265384, 104.76923299044641, 78.5753721530377, 62.69768823123032, 77.16775714060019, 76.62691309126798, 96.24830528218794, 107.187591022604, 67.37272387417674, 78.13332039604093, 92.07897078331641, 82.29589651557065, 100.76404095290881, 89.51957359220937, 73.95387593024476, 110.90742867962283, 98.8220924627351, 69.70048947558816, 78.37874544227486, 74.15556365875732, 74.53726472009386, 81.43616388059424, 98.0867160490051, 73.7007424325156, 83.57014216870475, 89.29561275283784, 72.81959456798374, 119.23786444060795, 84.88537472719024, 64.84904954819223, 82.1749140096977, 68.79932826883544, 86.72461678787884, 75.17503685075495, 76.1061348598654, 99.70754922991826, 69.22763043528806, 67.69353356442923, 69.4566821193815, 70.46893899455395, 67.35386710131321, 70.13117916359727, 73.2805452636727, 83.41441999863581, 72.59226410506135, 95.17270522708313, 63.75463759652917, 67.76699077687513]
7世代
rank = 0, pop_id = 0, calclation_time:153.58962059020996[sec]
pop_index = 0, scores = 81.76593644147262, rank = 0
7世代評価 : [81.76593644147262, 98.90423100724533, 64.89926643764754, 84.41795780029356, 64.33758409613813, 92.79460844854883, 91.64203376947277, 64.47700063447708, 78.04220600478679, 97.90464019309793, 71.87380710220276, 91.40165598814446, 112.4590720633782, 89.19296995586508, 88.10824968734072, 81.77151444601786, 93.65226585995579, 85.24065212898682, 71.52298141528408, 69.80502408203222, 72.65724600854226, 78.00275575498361, 130.1596646935925, 104.69554141729286, 74.94732379662123, 112.79884173730146, 66.82154478708263, 84.65532071410823, 73.3112700173979, 66.33505285361935, 97.84938535815702, 83.70350810213787, 62.344744103226226, 89.30425446842939, 56.33848994955806, 74.66273467957834, 72.32122506042676, 84.36382239347971, 90.5904019984606, 66.07876312605958, 80.5841199349145, 62.72780841081544, 112.28048008062893, 63.62898479408522, 68.6836415849052, 69.29519359174455, 80.48923139135344, 73.78534986910772, 94.66641751431749, 80.71790301441115, 63.54492604174088, 73.88960198243122, 63.81161034143986, 96.95467759023984, 78.09971412763312, 63.8938308513688, 60.371735166286946, 62.56304002953227, 101.45736612458266, 80.82962015331087, 77.06625605742799, 81.58074840298198, 71.23609195881876, 68.50692117993108, 84.34511314350031, 68.11484166498182, 77.3385808726113, 104.44071478235517, 78.15032453388176, 69.25999873781284, 102.42499038825504, 66.55119708882245, 63.24622169151697, 79.41213484999794, 104.23361111344374, 102.37700347379685]
8世代
rank = 0, pop_id = 0, calclation_time:112.73931121826172[sec]
pop_index = 0, scores = 74.95396883100847, rank = 0
8世代評価 : [74.95396883100847, 73.24816900970228, 104.8522590946713, 94.82032392125544, 72.42340566400327, 73.63156173700969, 74.27413532987329, 69.97688883286622, 78.8843744499525, 77.83936036698417, 72.65232317407755, 79.79992074922008, 61.49161854468878, 77.27338764029676, 66.8036887176766, 56.161480718678725, 96.01198257349321, 105.56140193926603, 70.9782554474988, 66.54512449807552, 74.2016109022476, 97.65073013531845, 47.90301588936172, 61.60119936842706, 81.95277506010022, 89.29730683390495, 76.71192438287582, 85.87092976581289, 73.61251698039348, 69.73875267944071, 105.90380419328511, 75.86090294015749, 97.87664650947285, 82.34805845063802, 78.31936590377552, 97.94526348002661, 89.67830382836294, 116.85110629552774, 65.43343731007282, 73.23580837291883, 65.60934314283979, 85.07800472214532, 91.44280400034022, 88.4204626435924, 57.205960702925516, 82.87929897594177, 54.92949770952143, 92.95682882474263, 69.79222771818671, 84.95652488436505, 88.5072039992939, 67.9815254530492, 97.94642597397124, 55.40427381775723, 70.34086651946738, 83.52657222544433, 78.56555261329336, 62.4146145058186, 63.73429880936748, 90.97621001309464, 90.17989776874519, 72.72452631008665, 80.16539884938555, 72.04593289422827, 104.47025991938685, 63.38069326051591, 80.43405805515465, 73.58146797891303, 62.60747474417325, 75.07302829753152, 93.76015222193139, 79.16883907081427, 68.19746470549593, 84.17675316523199, 71.95153436905156, 71.10410503982364]
9世代
rank = 0, pop_id = 0, calclation_time:114.38847041130066[sec]
pop_index = 0, scores = 72.57637221904506, rank = 0
9世代評価 : [72.57637221904506, 47.637949290709244, 67.42335984543293, 86.04704808424204, 81.63303737320037, 99.00324310746798, 76.24642721590779, 69.30416105540384, 100.46952106632943, 77.38735658403246, 112.19467614816791, 80.70105925984348, 78.01744450693796, 59.38145752404723, 72.71096597833707, 69.1954737632918, 64.08535128371503, 94.01962874439444, 65.87889640412489, 76.43011750991674, 68.46077284889138, 76.90999101141416, 65.44366545666921, 82.73645829895082, 75.61120100170639, 75.80521563354392, 69.73098659811586, 102.68321642994596, 69.31452063667648, 67.65340911150541, 93.76047265004395, 83.88904864016018, 97.40311569289122, 100.03128339646236, 62.92753880199236, 68.6029422842015, 76.70471993565036, 56.32934964021856, 70.04854744549617, 77.27067259201863, 105.70819634408937, 68.765691441037, 93.66504988674868, 66.17050967010238, 111.76323291731855, 85.85172971335935, 72.9382926215801, 81.20077982966076, 81.11006737555236, 63.307544672433465, 76.3271972252804, 85.73927289901836, 77.99950202768974, 93.31688583125765, 101.99318388445491, 85.58021718928237, 81.3014634951193, 64.8391123299374, 66.70330058501061, 98.73788373472077, 104.5449702439858, 72.6282941986142, 65.03484023347013, 75.05373668589363, 69.80396652061837, 96.86587110595644, 74.01419666233765, 61.53700820910635, 112.39467042329368, 71.38555366097204, 88.7792435539245, 90.1477697775773, 98.41950205861404, 67.22722757024958, 115.04286518172825, 62.183796624003485]
10世代
rank = 0, pop_id = 0, calclation_time:146.13051795959473[sec]
pop_index = 0, scores = 92.58049747614913, rank = 0
10世代評価 : [92.58049747614913, 73.22445382639175, 83.81205702773065, 101.32342125043832, 100.96755023403793, 80.44076695141204, 69.46952481834444, 98.17557572425511, 69.65021692153508, 82.83910606259327, 81.09344226547462, 69.72875274539929, 80.52893672384967, 94.01448920894717, 68.33341927837986, 76.77115362761229, 75.07750286803544, 92.1636771243823, 87.23302451929638, 72.32530839707292, 98.12817786651163, 77.26832861483449, 89.880415557647, 82.64717559423421, 74.14417258068009, 72.34208122458229, 74.15981955114141, 89.00651174948852, 71.11248160718151, 86.61411854668275, 71.45905894243907, 98.69520605758552, 78.62904287206045, 88.8641347087639, 85.78996840131192, 84.55032415504884, 91.43492231295637, 84.59354081408422, 89.80491280134416, 66.80709869402834, 76.18008590985487, 72.92474400555864, 94.05302874087023, 81.35710169265879, 87.37843930440604, 63.34130825091302, 97.82869251600721, 98.9325931348689, 78.03061116425961, 92.13493971562744, 68.58585259191521, 69.50463572097297, 63.08518460017591, 63.666983977751464, 89.29587736115629, 79.76779543596768, 74.25354286427108, 80.72021011589999, 83.37920612420555, 61.13343119944142, 84.1866776013726, 85.79496453786666, 67.09216927117602, 63.42048765216551, 72.76229340963854, 64.39870596812315, 75.22161265398117, 101.71449045260351, 98.51667692898319, 64.16106534800502, 95.66559680691128, 67.32120890069143, 72.09690953900409, 96.52543171634196, 66.3837179040858, 58.60184161928964]
11世代
rank = 0, pop_id = 0, calclation_time:133.66858649253845[sec]
pop_index = 0, scores = 72.86348875568333, rank = 0
