Popularity : [[4, 5], [7, 5], [3, 8], [4, 3], [7, 6], [4, 6], [3, 5], [1, 4], [8, 5], [4, 5], [13, 3], [3, 2], [4, 6], [6, 18], [5, 5], [6, 5], [3, 13], [12, 14], [4, 13], [4, 5], [19, 3], [14, 6], [5, 4], [16, 16], [6, 5], [8, 5], [7, 14], [6, 5], [1, 2], [6, 7], [2, 7], [2, 6], [15, 8]]
Distance : [[0.0, 332.41540277189324, 97.06183596038146, 376.3030693470358, 217.95412361320444, 388.65022835449355, 433.8502045637411, 142.04224723651762, 366.0737630587584, 158.67261893597143, 333.2041416309227, 310.75713990188547, 399.1641266446673, 202.2473732833136, 19.1049731745428, 445.3369510831096, 111.7899816620434, 287.2716484444645, 87.78382538941898, 195.92345444075858, 157.15597347857954, 301.77143668677456, 66.21933252457322, 311.13983994339264, 344.80429231667057, 406.42957569547025, 101.24228365658294, 339.8602654032978, 46.2709412050371, 150.23315213360866, 274.2626478396211, 126.01587201618692, 311.7707491090208], [332.41540277189324, 0.0, 242.40668307618913, 99.31767214348109, 114.56002793295748, 390.2166065148945, 121.92620719107111, 278.919343180067, 345.21008096520006, 386.855270094644, 95.2102935611481, 29.154759474226502, 345.4156915949245, 231.69807940507405, 313.3448579440869, 185.0, 303.2111475523286, 390.2883549377306, 244.6752950340512, 519.8711378793787, 486.1872067424234, 121.43310915891102, 266.58019431308094, 21.633307652783937, 117.51595636338071, 197.80040444852483, 300.0833217624732, 223.3047245357787, 362.49275854836054, 399.46213838109867, 255.8124312851117, 339.08700948281694, 42.20189569201838], [97.06183596038146, 242.40668307618913, 0.0, 279.5800422061632, 130.64838307457157, 329.2779980502797, 338.11980125393427, 87.6184911990614, 298.8594987615418, 169.49926253526885, 259.7883754135277, 223.80571931923456, 326.71853329739344, 121.16517651536682, 78.79086241436883, 348.4881633570931, 140.03570973148243, 251.60683615514105, 33.60059523282288, 277.4833328328028, 244.3215094910802, 235.79016094824652, 45.5411901469428, 220.8008152158864, 247.7761086142084, 311.4161203277698, 74.81310045707235, 251.0019920239678, 137.92751719653333, 174.23260314877925, 196.45101170520857, 120.07081243999309, 217.78888860545663], [376.3030693470358, 99.31767214348109, 279.5800422061632, 0.0, 176.14766532656628, 326.54708695684303, 64.88451279003334, 285.80412873154927, 281.44271175498574, 390.5444917035702, 193.63109254456012, 125.22779244241272, 272.2498852157701, 221.96396103872357, 357.57656522764466, 87.29833904490967, 373.03753162383003, 355.990168403567, 292.93343953874574, 547.4175737040235, 519.4554841369951, 220.42232191862965, 314.8920449932008, 104.78549517943789, 46.32493928760188, 102.7277956543408, 318.2106220728654, 154.93547043850222, 413.7692593704854, 407.40397641652936, 214.97906874856446, 348.5799764759875, 80.00624975587844], [217.95412361320444, 114.56002793295748, 130.64838307457157, 176.14766532656628, 0.0, 360.0347205478938, 224.12942689437278, 184.1738309315414, 319.0015673942685, 288.19611378365255, 136.09188072769072, 93.47726996441435, 332.70407271327474, 159.42396306703708, 198.90952717253137, 259.02316498722655, 197.12178976460214, 324.82148943689054, 130.17680284904833, 407.4432475817951, 372.6043478007201, 123.4908903522847, 152.029602380589, 93.50935782048768, 161.15210206509875, 243.14810301542556, 195.76005721290542, 221.75887806353998, 248.31633051412467, 297.59368272864936, 213.21350801485352, 238.47851056227267, 99.92497185388645], [388.65022835449355, 390.2166065148945, 329.2779980502797, 326.54708695684303, 360.0347205478938, 0.0, 380.3800730848029, 249.3692041933005, 45.35416188179427, 269.0018587296378, 472.72190556393724, 398.6640189432701, 66.30987860040162, 213.96495040076073, 379.94736477570154, 310.3353025358217, 468.7451333080697, 125.51493934986385, 362.74095440134687, 446.5254751971045, 445.16176834943946, 476.68123520860354, 371.8306065939166, 378.033067336708, 284.1918366174511, 246.81166909204273, 287.50130434486726, 171.81967291320282, 433.93087007033733, 291.02749011047047, 146.98639392814562, 270.84497410880635, 348.36762191684807], [433.8502045637411, 121.92620719107111, 338.11980125393427, 64.88451279003334, 224.12942689437278, 380.3800730848029, 0.0, 349.80280158969566, 336.05356715857073, 455.1318490283887, 202.20039564748632, 151.07613974417006, 321.8850726579286, 286.7507628586191, 414.889141819836, 90.60353193998566, 420.0773738253466, 418.6418517062048, 348.3733629312092, 609.5670594774623, 580.3860783995426, 237.2172000509238, 370.55229050702144, 137.03284277865654, 110.30865786510141, 139.01438774457844, 381.01443542207164, 211.463944917331, 469.1577559840613, 471.732975315485, 277.8812696098821, 412.60392630221054, 124.32618388738553], [142.04224723651762, 278.919343180067, 87.6184911990614, 285.80412873154927, 184.1738309315414, 249.3692041933005, 349.80280158969566, 0.0, 224.36131573869858, 108.07867504739313, 320.2639536382451, 268.0335799857921, 257.13031715455105, 70.71067811865476, 131.3202193114221, 337.0534082308025, 221.68671588527806, 164.01524319403975, 120.34118164618461, 266.22171211229187, 244.65894629054543, 304.02960382173313, 124.80785231707178, 258.0697580112788, 244.72433471152803, 287.27861041156547, 43.289721643826724, 208.40585404445815, 188.2471779336944, 122.4499897917513, 134.5362404707371, 62.80127387243033, 244.3951718017359], [366.0737630587584, 345.21008096520006, 298.8594987615418, 281.44271175498574, 319.0015673942685, 45.35416188179427, 336.05356715857073, 224.36131573869858, 0.0, 261.55878880282347, 428.65487282894617, 354.2033314354906, 40.718546143004666, 179.7386992275175, 355.64729719203547, 268.50884529191956, 438.89520389268324, 131.54847015454038, 331.84333653096, 443.4230485664903, 437.5979890264579, 433.7787454451866, 342.84836298282073, 333.36166546260233, 238.8723508487326, 204.36486977951958, 265.1490147068248, 126.58988901172162, 412.0740224765449, 284.08449447303525, 107.93516572461452, 255.09606033806168, 303.4616944525289], [158.67261893597143, 386.855270094644, 169.49926253526885, 390.5444917035702, 288.19611378365255, 269.0018587296378, 455.1318490283887, 108.07867504739313, 261.55878880282347, 0.0, 423.45719972625335, 375.13330963805384, 301.0398644698074, 169.01183390520322, 161.22654868228122, 434.16356364854016, 267.5518641310503, 148.29699929533302, 193.18643844742311, 183.09833423600554, 176.47946056127893, 403.3174928018868, 185.31055015837603, 365.8920605861789, 347.60466049810094, 378.87464945546304, 95.02105029939419, 291.3211286535874, 194.07730418572905, 22.561028345356956, 207.77150911518163, 50.08991914547278, 352.4343910573995], [333.2041416309227, 95.2102935611481, 259.7883754135277, 193.63109254456012, 136.09188072769072, 472.72190556393724, 202.20039564748632, 320.2639536382451, 428.65487282894617, 423.45719972625335, 0.0, 76.05918747922567, 433.22165227513733, 290.1671931835162, 315.29351404683223, 277.0884335370208, 272.9468812791236, 455.38994279628093, 249.39326374222702, 528.689890200295, 490.2948092729516, 41.6293165929973, 268.47718711279737, 98.49365461794989, 211.62466774929618, 293.00170647967224, 329.78932669205653, 312.0256399721023, 352.5365229306036, 431.74182099954135, 330.9153970428091, 373.4983266361444, 130.29965464267354], [310.75713990188547, 29.154759474226502, 223.80571931923456, 125.22779244241272, 93.47726996441435, 398.6640189432701, 151.07613974417006, 268.0335799857921, 354.2033314354906, 375.13330963805384, 76.05918747922567, 0.0, 357.56118357562247, 227.00220263248548, 291.79616172938256, 211.9929244102265, 276.1394575210142, 389.4932605321946, 223.0425968284982, 500.89919145472777, 466.00429182572987, 95.70788891204319, 244.59149617270018, 22.67156809750927, 136.82105101189657, 220.05681084665386, 285.60812313377926, 236.10379073619296, 338.87018163302594, 386.4349880639692, 259.4802497301095, 326.377082528783, 54.45181356024793], [399.1641266446673, 345.4156915949245, 326.71853329739344, 272.2498852157701, 332.70407271327474, 66.30987860040162, 321.8850726579286, 257.13031715455105, 40.718546143004666, 301.0398644698074, 433.22165227513733, 357.56118357562247, 0.0, 205.7668583615933, 387.72283915188694, 247.29132617218906, 466.3142717095414, 172.03778654702577, 358.97910802719423, 483.3735615442781, 476.62354117269535, 442.1425109622462, 371.5709891797259, 335.81542549442247, 233.05364189387817, 185.09727172489605, 299.0551788550066, 122.11879462228572, 445.3773680823937, 323.5954264200902, 130.78226179417453, 292.1711826994579, 304.77040538739976], [202.2473732833136, 231.69807940507405, 121.16517651536682, 221.96396103872357, 159.42396306703708, 213.96495040076073, 286.7507628586191, 70.71067811865476, 179.7386992275175, 169.01183390520322, 290.1671931835162, 227.00220263248548, 205.7668583615933, 0.0, 188.0239346466295, 267.47897113605023, 260.547500467765, 165.67739737212196, 153.2122710490253, 336.46693745448454, 315.35694062442957, 282.71894170713074, 166.388100536066, 212.60291625469299, 178.60011198204776, 216.60332407421637, 112.00892821556681, 139.21566003866087, 248.05039810490126, 186.93849255838134, 75.28612089887484, 130.59862173851607, 192.78226059469267], [19.1049731745428, 313.3448579440869, 78.79086241436883, 357.57656522764466, 198.90952717253137, 379.94736477570154, 414.889141819836, 131.3202193114221, 355.64729719203547, 161.22654868228122, 315.29351404683223, 291.79616172938256, 387.72283915188694, 188.0239346466295, 0.0, 427.2750870341027, 106.3296760081587, 282.71894170713074, 68.76772498781678, 213.44085831911377, 175.44514812328097, 284.52943608702424, 47.43416490252569, 292.056501382866, 326.5348373451139, 389.2813892289227, 93.02150289046077, 324.48420608713764, 60.530983801686226, 155.3479964466874, 261.1991577321795, 123.7457069962429, 292.6977963702494], [445.3369510831096, 185.0, 348.4881633570931, 87.29833904490967, 259.02316498722655, 310.3353025358217, 90.60353193998566, 337.0534082308025, 268.50884529191956, 434.16356364854016, 277.0884335370208, 211.9929244102265, 247.29132617218906, 267.47897113605023, 427.2750870341027, 0.0, 453.9273069556402, 369.87835838286077, 366.51466546374377, 603.2056034222494, 579.3867447569024, 306.42617381679395, 387.7963383014337, 192.00260414900626, 101.53324578678651, 64.5600495662759, 374.73323845103465, 155.18376203714098, 485.78596109809513, 453.4148211075593, 235.47611343828487, 398.07662578955825, 166.76930173146374], [111.7899816620434, 303.2111475523286, 140.03570973148243, 373.03753162383003, 197.12178976460214, 468.7451333080697, 420.0773738253466, 221.68671588527806, 438.89520389268324, 267.5518641310503, 272.9468812791236, 276.1394575210142, 466.3142717095414, 260.547500467765, 106.3296760081587, 453.9273069556402, 0.0, 382.50751626602056, 107.33592129385204, 287.020905161976, 243.67396249907375, 234.43762496664223, 97.09788875150684, 284.6137733842127, 353.41335571820144, 429.3366977093852, 191.65855055279948, 382.7322824116095, 99.12618221237011, 261.17618574441275, 335.6799070543246, 228.32652057962954, 296.62434155004877], [287.2716484444645, 390.2883549377306, 251.60683615514105, 355.990168403567, 324.82148943689054, 125.51493934986385, 418.6418517062048, 164.01524319403975, 131.54847015454038, 148.29699929533302, 455.38994279628093, 389.4932605321946, 172.03778654702577, 165.67739737212196, 282.71894170713074, 369.87835838286077, 382.50751626602056, 0.0, 284.2903445423358, 321.49805598168086, 322.2623155133098, 448.26443088873333, 287.08883642524313, 372.9785516621566, 309.6853241598639, 306.41475160311717, 191.1674658512792, 214.7091055358389, 329.70592957967864, 169.30741271426953, 141.01418368376991, 161.94134740701648, 349.03581478123414], [87.78382538941898, 244.6752950340512, 33.60059523282288, 292.93343953874574, 130.17680284904833, 362.74095440134687, 348.3733629312092, 120.34118164618461, 331.84333653096, 193.18643844742311, 249.39326374222702, 223.0425968284982, 358.97910802719423, 153.2122710490253, 68.76772498781678, 366.51466546374377, 107.33592129385204, 284.2903445423358, 0.0, 280.12854192316786, 243.51591323771842, 221.20578654275752, 22.20360331117452, 223.45021816950637, 265.03584663211126, 333.7319283496861, 101.39033484509261, 278.792037189013, 120.93386622447825, 194.83326204732086, 228.37250272307304, 145.49914089093448, 225.20435164534453], [195.92345444075858, 519.8711378793787, 277.4833328328028, 547.4175737040235, 407.4432475817951, 446.5254751971045, 609.5670594774623, 266.22171211229187, 443.4230485664903, 183.09833423600554, 528.689890200295, 500.89919145472777, 483.3735615442781, 336.46693745448454, 213.44085831911377, 603.2056034222494, 287.020905161976, 321.49805598168086, 280.12854192316786, 0.0, 44.04543109109048, 497.69468552517213, 260.2786967848118, 498.25495481731036, 508.93221552580064, 552.7865772610619, 229.53866776645717, 469.4347665011615, 188.2471779336944, 160.64868502418562, 387.7653929891114, 206.82843131445927, 493.5838327984416], [157.15597347857954, 486.1872067424234, 244.3215094910802, 519.4554841369951, 372.6043478007201, 445.16176834943946, 580.3860783995426, 244.65894629054543, 437.5979890264579, 176.47946056127893, 490.2948092729516, 466.00429182572987, 476.62354117269535, 315.35694062442957, 175.44514812328097, 579.3867447569024, 243.67396249907375, 322.2623155133098, 243.51591323771842, 44.04543109109048, 0.0, 458.1702740248433, 222.81157959136684, 464.6568626416702, 482.80016570005444, 531.7790894723108, 204.79257799051214, 451.83736011976697, 145.34441853748632, 154.20765220960988, 372.5936123982804, 189.76301009416983, 461.93614277300276], [301.77143668677456, 121.43310915891102, 235.79016094824652, 220.42232191862965, 123.4908903522847, 476.68123520860354, 237.2172000509238, 304.02960382173313, 433.7787454451866, 403.3174928018868, 41.6293165929973, 95.70788891204319, 442.1425109622462, 282.71894170713074, 284.52943608702424, 306.42617381679395, 234.43762496664223, 448.26443088873333, 221.20578654275752, 497.69468552517213, 458.1702740248433, 0.0, 238.75719884434898, 117.72000679578642, 231.32660893204655, 315.42510997065534, 308.52552568628744, 323.2785176902418, 317.8002517305485, 409.76578676116924, 331.60518693168837, 353.2392956623031, 148.4082207965583], [66.21933252457322, 266.58019431308094, 45.5411901469428, 314.8920449932008, 152.029602380589, 371.8306065939166, 370.55229050702144, 124.80785231707178, 342.84836298282073, 185.31055015837603, 268.47718711279737, 244.59149617270018, 371.5709891797259, 166.388100536066, 47.43416490252569, 387.7963383014337, 97.09788875150684, 287.08883642524313, 22.20360331117452, 260.2786967848118, 222.81157959136684, 238.75719884434898, 0.0, 245.41597340026587, 286.40006983239374, 353.79372521287036, 98.4733466477097, 296.10808837314795, 98.88377015466189, 184.5453873712372, 241.6298822579691, 139.98928530426892, 247.40654801358835], [311.13983994339264, 21.633307652783937, 220.8008152158864, 104.78549517943789, 93.50935782048768, 378.033067336708, 137.03284277865654, 258.0697580112788, 333.36166546260233, 365.8920605861789, 98.49365461794989, 22.67156809750927, 335.81542549442247, 212.60291625469299, 292.056501382866, 192.00260414900626, 284.6137733842127, 372.9785516621566, 223.45021816950637, 498.25495481731036, 464.6568626416702, 117.72000679578642, 245.41597340026587, 0.0, 114.20157617125956, 197.73972792537162, 278.6431409527247, 214.11445537375565, 341.73820389298004, 378.2618140917743, 240.60756430336932, 317.91822848021786, 31.827660925679098], [344.80429231667057, 117.51595636338071, 247.7761086142084, 46.32493928760188, 161.15210206509875, 284.1918366174511, 110.30865786510141, 244.72433471152803, 238.8723508487326, 347.60466049810094, 211.62466774929618, 136.82105101189657, 233.05364189387817, 178.60011198204776, 326.5348373451139, 101.53324578678651, 353.41335571820144, 309.6853241598639, 265.03584663211126, 508.93221552580064, 482.80016570005444, 231.32660893204655, 286.40006983239374, 114.20157617125956, 0.0, 85.23496934944014, 279.4065138825507, 112.53888216967503, 384.6153923076922, 365.16845427829605, 168.67127793433, 307.21002587806277, 82.92767933567175], [406.42957569547025, 197.80040444852483, 311.4161203277698, 102.7277956543408, 243.14810301542556, 246.81166909204273, 139.01438774457844, 287.27861041156547, 204.36486977951958, 378.87464945546304, 293.00170647967224, 220.05681084665386, 185.09727172489605, 216.60332407421637, 389.2813892289227, 64.5600495662759, 429.3366977093852, 306.41475160311717, 333.7319283496861, 552.7865772610619, 531.7790894723108, 315.42510997065534, 353.79372521287036, 197.73972792537162, 85.23496934944014, 0.0, 327.38509434609267, 92.35799911215054, 449.23490514429085, 399.02506186955225, 175.17134468856486, 346.15170084805305, 167.29614460590537], [101.24228365658294, 300.0833217624732, 74.81310045707235, 318.2106220728654, 195.76005721290542, 287.50130434486726, 381.01443542207164, 43.289721643826724, 265.1490147068248, 95.02105029939419, 329.78932669205653, 285.60812313377926, 299.0551788550066, 112.00892821556681, 93.02150289046077, 374.73323845103465, 191.65855055279948, 191.1674658512792, 101.39033484509261, 229.53866776645717, 204.79257799051214, 308.52552568628744, 98.4733466477097, 278.6431409527247, 279.4065138825507, 327.38509434609267, 0.0, 250.85653270345583, 146.98639392814562, 101.9803902718557, 177.81451009408653, 45.27692569068709, 269.1337957224993], [339.8602654032978, 223.3047245357787, 251.0019920239678, 154.93547043850222, 221.75887806353998, 171.81967291320282, 211.463944917331, 208.40585404445815, 126.58988901172162, 291.3211286535874, 312.0256399721023, 236.10379073619296, 122.11879462228572, 139.21566003866087, 324.48420608713764, 155.18376203714098, 382.7322824116095, 214.7091055358389, 278.792037189013, 469.4347665011615, 451.83736011976697, 323.2785176902418, 296.10808837314795, 214.11445537375565, 112.53888216967503, 92.35799911215054, 250.85653270345583, 0.0, 384.98051898764953, 312.2963336320169, 84.29116205154607, 262.9619744373699, 182.84966502567076], [46.2709412050371, 362.49275854836054, 137.92751719653333, 413.7692593704854, 248.31633051412467, 433.93087007033733, 469.1577559840613, 188.2471779336944, 412.0740224765449, 194.07730418572905, 352.5365229306036, 338.87018163302594, 445.3773680823937, 248.05039810490126, 60.530983801686226, 485.78596109809513, 99.12618221237011, 329.70592957967864, 120.93386622447825, 188.2471779336944, 145.34441853748632, 317.8002517305485, 98.88377015466189, 341.73820389298004, 384.6153923076922, 449.23490514429085, 146.98639392814562, 384.98051898764953, 0.0, 181.89282558693733, 320.45124434147544, 167.7647161950331, 345.5893516878088], [150.23315213360866, 399.46213838109867, 174.23260314877925, 407.40397641652936, 297.59368272864936, 291.02749011047047, 471.732975315485, 122.4499897917513, 284.08449447303525, 22.561028345356956, 431.74182099954135, 386.4349880639692, 323.5954264200902, 186.93849255838134, 155.3479964466874, 453.4148211075593, 261.17618574441275, 169.30741271426953, 194.83326204732086, 160.64868502418562, 154.20765220960988, 409.76578676116924, 184.5453873712372, 378.2618140917743, 365.16845427829605, 399.02506186955225, 101.9803902718557, 312.2963336320169, 181.89282558693733, 0.0, 229.12442034842118, 60.41522986797286, 366.2690268095297], [274.2626478396211, 255.8124312851117, 196.45101170520857, 214.97906874856446, 213.21350801485352, 146.98639392814562, 277.8812696098821, 134.5362404707371, 107.93516572461452, 207.77150911518163, 330.9153970428091, 259.4802497301095, 130.78226179417453, 75.28612089887484, 261.1991577321795, 235.47611343828487, 335.6799070543246, 141.01418368376991, 228.37250272307304, 387.7653929891114, 372.5936123982804, 331.60518693168837, 241.6298822579691, 240.60756430336932, 168.67127793433, 175.17134468856486, 177.81451009408653, 84.29116205154607, 320.45124434147544, 229.12442034842118, 0.0, 182.8332573685652, 213.7217817631137], [126.01587201618692, 339.08700948281694, 120.07081243999309, 348.5799764759875, 238.47851056227267, 270.84497410880635, 412.60392630221054, 62.80127387243033, 255.09606033806168, 50.08991914547278, 373.4983266361444, 326.377082528783, 292.1711826994579, 130.59862173851607, 123.7457069962429, 398.07662578955825, 228.32652057962954, 161.94134740701648, 145.49914089093448, 206.82843131445927, 189.76301009416983, 353.2392956623031, 139.98928530426892, 317.91822848021786, 307.21002587806277, 346.15170084805305, 45.27692569068709, 262.9619744373699, 167.7647161950331, 60.41522986797286, 182.8332573685652, 0.0, 305.8970415025291], [311.7707491090208, 42.20189569201838, 217.78888860545663, 80.00624975587844, 99.92497185388645, 348.36762191684807, 124.32618388738553, 244.3951718017359, 303.4616944525289, 352.4343910573995, 130.29965464267354, 54.45181356024793, 304.77040538739976, 192.78226059469267, 292.6977963702494, 166.76930173146374, 296.62434155004877, 349.03581478123414, 225.20435164534453, 493.5838327984416, 461.93614277300276, 148.4082207965583, 247.40654801358835, 31.827660925679098, 82.92767933567175, 167.29614460590537, 269.1337957224993, 182.84966502567076, 345.5893516878088, 366.2690268095297, 213.7217817631137, 305.8970415025291, 0.0]]
0世代
rank = 0, pop_id = 0, calclation_time:141.1419506072998[sec]
pop_index = 0, scores = 767.6426892332753, rank = 0
0世代評価 : [767.6426892332753, 797.125346838057, 829.7463328810193, 778.2311648350203, 776.8284161417224, 841.2910447700723, 772.7295645834697, 854.398225724633, 833.7038539344062, 653.417825241869, 763.4585518733004, 768.4055554181582, 608.100298020382, 771.6426777451294, 764.9692183658216, 786.1828096689221, 783.475776107186, 704.8749485500431, 739.3858288716209, 801.6170842973048, 768.6652651939235, 770.4261995689234, 770.4790504134444, 786.8448167116009, 784.2513989999129, 775.1494400750058, 779.8284565234856, 782.1425780803004, 775.6669398380958, 794.7216169363039, 803.8704266540444, 731.2844136967786, 759.6748939160111, 772.6732277321656, 695.6248775991687, 715.2428156267673, 813.6408578650301, 787.9946823273551, 838.6776165236702, 756.8084535538543, 773.7544063827067, 756.4305982319855, 746.0790762296102, 753.0868041250819, 773.1434296019381, 773.1667434508036, 763.3926196409313, 761.6488593071884, 768.7694989654498, 769.463544067478, 809.9750619620637, 791.1188385256795, 794.6355360360965, 764.3164080400886, 795.0510194811316, 782.0768062266108, 750.5326612741, 761.444816731275, 805.8199186682497, 761.8425900391927, 754.1555323587057, 853.7937265487853, 709.9615038207045, 762.9410914231585, 723.9966264733357, 766.3811967912559, 803.572383148543, 848.6751324470595, 757.2484587882153, 798.8926602190597, 805.0466029058475, 781.5822007922657, 772.7501144656152, 766.5232625274784, 647.0965996339185, 903.1114625513607]
0世代, new best [0, 1, 1, 1, 0, 0, 1, 0, 0, 1, 1, 0, 0, 0, 1, 1, 1, 1, 1, 1, 1, 1, 1, 0, 1, 1, 0, 1, 1, 1, 0, 1, 1] = 767.6426892332753
拠点利用数 : 22
0世代, new best [0, 0, 0, 1, 0, 0, 0, 1, 1, 0, 1, 1, 1, 0, 1, 0, 1, 1, 1, 1, 1, 1, 1, 1, 0, 0, 1, 1, 1, 1, 0, 1, 1] = 763.4585518733004
拠点利用数 : 21
0世代, new best [1, 1, 0, 1, 1, 1, 0, 0, 0, 0, 1, 0, 1, 0, 1, 0, 1, 1, 1, 1, 1, 1, 1, 0, 1, 1, 0, 1, 1, 0, 1, 0, 1] = 759.6748939160111
拠点利用数 : 21
0世代, new best [0, 1, 1, 0, 0, 1, 1, 1, 0, 0, 1, 1, 1, 0, 0, 0, 1, 1, 1, 0, 1, 0, 1, 1, 0, 1, 1, 1, 0, 1, 1, 1, 1] = 756.4305982319855
拠点利用数 : 21
0世代, new best [1, 0, 1, 0, 0, 0, 1, 0, 0, 1, 1, 1, 1, 0, 1, 1, 1, 1, 0, 1, 1, 1, 1, 1, 1, 1, 1, 0, 1, 1, 0, 0, 1] = 753.0868041250819
拠点利用数 : 22
1世代
rank = 0, pop_id = 0, calclation_time:136.51449608802795[sec]
pop_index = 0, scores = 774.2075503715921, rank = 0
1世代評価 : [774.2075503715921, 690.2604821757827, 747.4177230833445, 772.8625665109, 669.2415013141263, 779.1382773019004, 846.1448302114222, 691.3419672180003, 858.1060233109635, 751.3809024623232, 711.5604306809288, 762.3523222303895, 773.4212567622855, 784.1616035318336, 708.2154793472515, 771.1850013764175, 753.0353166780615, 758.3323794004998, 779.4835505465227, 778.430168251721, 678.482108007699, 793.1807337439517, 760.6097113881275, 769.7250499543454, 726.0369542997639, 768.7434538219939, 814.1132818749422, 706.4490573463797, 683.2784066597653, 795.54412939893, 716.4880367022056, 782.6098656822475, 721.2862678470206, 805.1781678072499, 760.1132449406905, 781.9379910960755, 778.092722189156, 777.7633563713051, 707.6735199341277, 763.8862071397131, 799.1015455783495, 791.9436496096529, 708.5412044702492, 678.0868814166128, 869.4149444136337, 776.9339982675971, 717.2834206942753, 768.4037671741488, 753.968539141692, 724.6663568802342, 758.2551150084106, 803.4162404577683, 813.600886056938, 777.885556626004, 768.8838302689863, 774.2614104992954, 778.7661155960401, 762.3074865468018, 776.3778475564129, 782.5189139076475, 768.0808431153656, 693.5206869517438, 762.6450316199744, 874.1878274302466, 738.9866962627988, 786.9972717128859, 744.3150003058176, 776.3819385656348, 668.325336882856, 770.8951228330625, 769.5708790236855, 770.2006028068216, 787.5378955777122, 773.0752895887248, 787.3669801134727, 778.7500531008179]
1世代, new best [1, 1, 1, 0, 1, 1, 0, 1, 0, 1, 1, 1, 1, 1, 0, 0, 1, 0, 1, 0, 1, 0, 1, 1, 1, 0, 0, 1, 1, 1, 0, 1, 1] = 744.3150003058176
拠点利用数 : 22
2世代
rank = 0, pop_id = 0, calclation_time:110.55460572242737[sec]
pop_index = 0, scores = 688.8335094321601, rank = 0
2世代評価 : [688.8335094321601, 814.7165711100188, 756.0385839244567, 736.5996532964621, 776.0694801287988, 780.9316989523835, 804.3506888953817, 757.6545458168382, 741.8889853426454, 848.8183705217085, 806.6894839291105, 751.6389823899149, 791.1088539685147, 717.5174057299126, 779.9033574802123, 778.9176707639737, 747.4200812314955, 752.5459723274907, 754.4411689311225, 742.0398579850364, 683.5060031516865, 770.4041080542195, 768.0493467982377, 803.7393823595802, 696.839478301444, 752.7060779001783, 772.605757102816, 775.7512743517548, 743.5700989405525, 829.9719864596931, 764.424219725148, 763.0869583955099, 772.5416866950833, 776.7415038292556, 807.7980888154943, 720.3792771080529, 841.2228582591587, 760.5945948231401, 777.2423126533399, 864.4115346613074, 707.4082184799499, 770.7054601084012, 783.7842960824248, 769.1958487187845, 771.3527547840317, 757.4670789233726, 747.8859141839166, 767.4214462584564, 756.081263754995, 786.942532970136, 807.634931931802, 745.5827305346149, 760.1874632475985, 747.1338237277179, 702.8920038313688, 739.6189514523937, 782.0908899886341, 776.7852116679229, 715.0340598125589, 723.2075931851732, 802.9784258123569, 770.0833318754912, 711.1825424607889, 783.130141637376, 852.9308329992409, 694.3843983397472, 839.7447353280745, 781.4092223097177, 740.220121843024, 801.2223371803814, 842.7399011068704, 782.4898521494105, 768.3238294320522, 774.6541556699103, 772.9974784140908, 790.4693326172704]
3世代
rank = 0, pop_id = 0, calclation_time:136.78160786628723[sec]
pop_index = 0, scores = 785.1620003233327, rank = 0
3世代評価 : [785.1620003233327, 829.63201868944, 790.880859527413, 782.402833661732, 718.9827976180559, 696.6018316262343, 680.6442637867392, 751.4818332889386, 725.3977037807214, 742.8782663326933, 773.6502416984243, 784.3707089663235, 713.4412210015488, 802.4284530045578, 804.3742563507625, 708.9281951685501, 842.7497688042833, 711.9244253444054, 742.109167026027, 766.390385128963, 761.0912310896925, 757.0936347198468, 851.829393360302, 755.5316233319598, 723.5114287716564, 677.8413358843413, 807.7839381874898, 857.3660191556917, 793.9142744720612, 745.6861710744909, 766.5476982052006, 811.8477006226436, 697.7584043080238, 839.9214915081391, 776.2044191762631, 752.4575550975534, 761.7387788434207, 763.3838088074795, 759.9579335121199, 731.4635017478515, 772.2214050692401, 756.5198173555914, 764.4428154107944, 767.5725909733436, 768.5904892545866, 773.3513847918166, 901.1729380747274, 761.9519545407952, 744.8243501847569, 755.5002647386702, 757.3077966040914, 784.1222755100903, 754.4950831452069, 759.4931535791525, 732.0993466886243, 670.7262809016701, 754.8350867924754, 779.2070797251253, 721.5578952169864, 689.395452262185, 770.7921586797323, 706.8891353464101, 782.5796818972425, 691.778029748935, 835.540451828009, 774.3920506085763, 867.8028950336831, 804.8450492672605, 759.808881488471, 758.5735923998075, 762.7772373961272, 746.0132813631222, 759.9310669252521, 783.0076065477745, 718.551107391915, 783.3598896583856]
4世代
rank = 0, pop_id = 0, calclation_time:116.29247522354126[sec]
pop_index = 0, scores = 740.1895253587157, rank = 0
4世代評価 : [740.1895253587157, 789.4038008566794, 775.7829801893843, 727.1788429847535, 789.8463052193592, 733.3675383053876, 753.4084298971891, 742.2586150215028, 761.0742931097022, 771.7720759087748, 708.7461195827392, 792.5187169613611, 707.0136423191947, 802.5960112861844, 775.1439716481763, 780.5651086284124, 733.4863215594492, 766.2636722034404, 721.7070518462542, 777.2737079487391, 684.5706234177333, 848.40660692014, 749.118762832159, 847.511698504685, 697.5662351012284, 770.0950374883766, 768.7516961239114, 777.0377150440335, 737.6759618637698, 756.8941311980315, 755.9531916058752, 774.152100106695, 749.0339396102456, 781.4704764367615, 708.6808047620605, 805.8578912712492, 803.8642836817776, 709.9262147433838, 756.0690533213018, 766.5393687578317, 755.2338041133153, 754.0052154793984, 714.8066870665989, 725.5818656237319, 697.4252365524088, 709.6462427748799, 752.0361312180553, 736.2384057717245, 760.9688815812692, 837.1064664420294, 774.4673349685148, 688.8745102015971, 770.4948478498927, 724.76061468672, 848.4606255236541, 810.0639873268133, 764.2925356429188, 758.6005843179887, 770.9526894052747, 774.9191172561069, 745.1146374190574, 663.092975174934, 729.1561607136368, 720.3070117017708, 773.5496350086005, 756.1854678386189, 747.0206608289407, 752.2984349883188, 849.6910119273789, 778.5441090104828, 774.4987364399004, 748.1791584500188, 726.1865707424497, 755.1971372886582, 753.1078494176934, 791.1025357139243]
5世代
rank = 0, pop_id = 0, calclation_time:142.31484651565552[sec]
pop_index = 0, scores = 781.2327554540298, rank = 0
5世代評価 : [781.2327554540298, 777.6052894607283, 857.9067453043227, 729.9990388455327, 745.9617632842054, 756.7967930737603, 762.9799540405733, 751.2446120827783, 671.2945084074427, 775.6771982389321, 719.1117641000587, 693.7293521497054, 777.1937098679915, 750.6076405011936, 779.0193012141929, 751.1705483143828, 782.3320821422168, 631.8755362980506, 756.1103743949676, 747.3363343179751, 741.5988951967734, 787.1244246227942, 760.154361436005, 770.5240045758958, 803.8687284260519, 774.5295442845566, 754.9614135990402, 746.6883753440198, 850.1596739227455, 765.0092077750323, 750.8728962688904, 752.8277261345847, 769.8327437742198, 755.302146953646, 776.671411811124, 672.423081409314, 777.9273970494924, 798.2230742556192, 778.4877006181011, 698.9255657735306, 767.76798512524, 772.4390494585109, 768.8065033618815, 714.8494283806981, 844.249267304511, 788.1141086241479, 767.3667018285225, 721.2419248168371, 760.9837320744992, 743.8343624733586, 705.420949919014, 842.6699317527454, 770.8160801695938, 709.8449141818106, 763.6929226540005, 742.8421501421394, 761.356439990008, 785.528840208363, 763.4857824365398, 715.0452968681268, 747.6551270866432, 755.2591251623494, 791.3580975682889, 843.5098054192406, 750.9126995105021, 677.8755142065382, 770.2757118628859, 770.7452683348066, 753.9290325093862, 758.4000300996736, 779.752763408509, 775.503604168058, 614.2222675251278, 774.6340264810462, 709.5825486654117, 707.0374565359301]
6世代
rank = 0, pop_id = 0, calclation_time:149.8273274898529[sec]
pop_index = 0, scores = 807.0394007933254, rank = 0
6世代評価 : [807.0394007933254, 741.4566752984899, 854.6058052889601, 815.316144557322, 758.9881555873584, 767.5501773742296, 709.6892491681183, 686.9675709425966, 760.9102403063998, 765.8098138090749, 779.984959248329, 763.7110409382627, 710.7137252540648, 776.4451546937248, 780.1271151996278, 836.07318195366, 749.6531368799549, 747.4193220360771, 718.9421546976932, 776.1463450366796, 749.5952778172141, 754.2294431733853, 766.5595832906995, 663.970144827209, 768.5207075257132, 838.5615569748193, 791.0593952073461, 853.1241884918256, 876.6179915158759, 681.0747870708185, 761.3645803319059, 654.5161616548913, 755.435553802459, 793.759907462065, 758.5203103808028, 764.8906587458893, 772.0943899603753, 833.419944785178, 769.0847684186169, 771.7648653710326, 770.5803265130753, 660.921462496209, 772.0923568071288, 769.8336804643774, 763.1060705509847, 851.5381485978166, 778.926054723113, 769.6744673962432, 758.6589297765638, 809.5391605605394, 743.9928319247057, 800.9704212685439, 768.4105004139653, 765.6749192551999, 867.7208270491737, 695.8283670078387, 818.9175875174582, 706.5031482312678, 699.8677543673464, 751.6057801997144, 717.1076700986332, 750.0764090078104, 759.4081141236724, 837.1894100957231, 749.8263026884142, 843.4515868579251, 751.2203867316657, 783.8354440136707, 700.2831933520633, 719.7559340523875, 766.6991531897528, 672.2182588932922, 816.950817443539, 824.1033859382217, 756.4235075275457, 759.02563814755]
7世代
rank = 0, pop_id = 0, calclation_time:156.75270175933838[sec]
pop_index = 0, scores = 828.3593314506716, rank = 0
7世代評価 : [828.3593314506716, 761.8167441554659, 774.8745780564889, 835.7961770524589, 760.4512880732518, 749.2210138696743, 687.3332518349984, 776.4981724622448, 769.4411171734033, 755.2791768398147, 760.4880594090389, 763.4161701951712, 760.234560629678, 812.535934297682, 783.2915000832152, 753.8927008788576, 779.8536260577206, 775.9989738348918, 759.7558184569463, 753.5148153304796, 747.5674689474286, 693.729165542413, 784.5633341262609, 753.0901376229474, 773.2051311848535, 751.1248643376355, 801.3601206719211, 782.5150142715086, 772.6734706788565, 843.3813577238427, 744.3090924075993, 811.2846430713577, 754.0783679392647, 783.9050869186968, 786.7816037724751, 760.660848419358, 755.5205872803048, 677.0994380654284, 695.8656172714918, 770.1451421541686, 747.0800446221918, 760.9576014721015, 708.7453656636777, 759.6811049031928, 765.9266388589325, 750.3602296067882, 706.5878632734265, 784.2885906028871, 774.9511660724734, 746.4445312017813, 798.6137528772783, 774.2891821787298, 694.9197922797115, 721.0676602461346, 696.131931414029, 764.7042739826301, 850.5376468207522, 772.051479720064, 890.2982686133627, 781.1386993191418, 756.7938096911159, 695.2552977490345, 745.2534548484956, 767.7128362970798, 756.5024564513483, 750.7170078854094, 766.1701408345194, 737.9751410277966, 742.7479033954231, 762.5775910862599, 775.1766164008019, 746.3168417516054, 700.6421345300255, 779.9565476694125, 832.8330853331324, 747.2500591003491]
8世代
rank = 0, pop_id = 0, calclation_time:149.77930641174316[sec]
pop_index = 0, scores = 805.7834807148581, rank = 0
8世代評価 : [805.7834807148581, 759.578415986224, 759.1330947994866, 697.4509600461753, 679.0463941485227, 766.3615207427528, 760.3486504818194, 751.9784133134513, 794.1709079726417, 782.0461989666375, 778.855655739844, 795.5248512999622, 817.4536134087534, 766.3490592894374, 770.021853802529, 770.1974408686116, 768.5333568033365, 719.9964538223041, 794.5963965043778, 719.9004522497122, 774.0554824405988, 741.3442744329438, 784.5509497957361, 776.1556871195771, 687.6633129451508, 753.8554068898575, 753.5288711398755, 773.5195351344655, 811.1807035835241, 798.5824496182918, 715.0801193135837, 768.4610935284759, 866.6757822899793, 775.8614070314449, 763.0989491900523, 774.1622161184742, 751.8883827746799, 769.8547381036963, 753.2456881650584, 770.9407507684191, 773.8431813349838, 815.825516529718, 706.6136830673571, 660.5328067281192, 714.8010895159066, 716.5606281785198, 758.2571059429122, 757.2054759685103, 775.8524237333603, 773.025095760603, 746.7562626629284, 745.231468767668, 843.8998565638556, 776.3008374798255, 771.6743984694053, 744.0003119236275, 779.4027180351279, 693.1522149899573, 725.6998688928596, 770.2562830860778, 758.9267338848795, 685.0176595067379, 769.641843636676, 701.9430860239115, 846.4897578593127, 769.1726715461388, 850.0457038843306, 772.7113710540165, 836.9721442256428, 769.4534164479486, 843.4250270402702, 780.2621647834299, 757.258503596834, 779.6175537677877, 770.7004506906445, 776.7664866395124]
9世代
rank = 0, pop_id = 0, calclation_time:141.96973824501038[sec]
pop_index = 0, scores = 785.1030529168843, rank = 0
9世代評価 : [785.1030529168843, 771.0739168018544, 781.1523908529397, 770.6326695512581, 769.9812573259851, 775.7513864590373, 773.7468789380881, 743.2131580811188, 732.6401390754243, 775.8699060651917, 771.2908437070558, 708.0475704276123, 816.4414534998466, 814.2302533449104, 690.2874183114458, 754.6462242667308, 773.3531502005663, 834.9455202452936, 769.9985932818852, 746.6408645768045, 811.8114876477001, 721.7882581626718, 791.9341654834791, 859.7162375102045, 838.7068043747706, 770.9246456275002, 778.5583261833699, 750.4579636138787, 694.069320626195, 779.1105213376426, 813.4054532456996, 774.9405771643827, 769.4777428182738, 692.0095032332923, 751.8790865533299, 836.3129230625073, 766.8600240062102, 767.9542777547333, 773.2780170174553, 743.5758042552842, 779.1492346926989, 855.9924263209125, 822.872065366608, 681.9537773337594, 774.1933655063824, 743.7669235155751, 839.3818323845717, 786.9731241657897, 706.8464595564749, 776.8938362915908, 763.7607459961388, 783.7605967709869, 749.4661575948978, 782.5533397896679, 752.1658302969422, 840.7683451931829, 843.2134924567622, 776.5550065276745, 776.2047306042972, 851.5442078484268, 796.87142843946, 672.3522397473056, 747.6976567224115, 825.412650137774, 761.3691032053246, 750.1350819104023, 753.4300067349349, 770.4511686085973, 796.7047056902662, 784.1415091268786, 652.582994664439, 770.9778140279777, 743.5058615998832, 744.7249122817198, 719.6179233310215, 791.7456139625627]
10世代
rank = 0, pop_id = 0, calclation_time:130.23597383499146[sec]
pop_index = 0, scores = 766.6436297838762, rank = 0
10世代評価 : [766.6436297838762, 732.4068846293769, 776.8317192753889, 766.3133584739094, 771.4235714795815, 768.6204772594015, 775.2551606530642, 781.1289991543272, 789.6358026030167, 702.8898903421045, 751.9367072106352, 673.88045215071, 696.1864312654883, 779.3574213633785, 780.8399794529856, 778.7183696803662, 808.2469212200165, 777.8140829275206, 772.4568037708353, 843.5399872076955, 761.4799740571694, 771.6796837295431, 776.6377903475089, 753.0345810470072, 710.5912275383121, 802.3644996936739, 779.3630039571152, 774.9434990000492, 774.2945345278291, 778.8981901049981, 700.7141641942922, 840.9666699136785, 671.754947623577, 708.0508451890278, 696.7415181622873, 779.3733818449166, 779.6301627185699, 785.9343603083026, 777.1482746012462, 868.1648290838634, 769.2875277608659, 696.2555111881751, 703.4092174525723, 774.7794813401879, 738.5859210331074, 778.8048312181296, 753.4367035844778, 705.8825252745128, 798.5785434094712, 770.4387970329304, 767.0505628936558, 747.6688149196658, 774.2881813560078, 806.2232647852506, 763.0230949620557, 761.3540762343296, 785.074498436525, 700.9012439118335, 699.5218186907176, 841.5201670200528, 772.6289281039761, 740.0532308648145, 592.0062752440142, 752.9831569957839, 773.0214939263018, 851.6926296110333, 756.4728201266978, 702.9128043534351, 760.0355069740739, 737.7981762932292, 787.1680277258087, 758.0377614959425, 805.1294194727527, 771.7494855001835, 771.700686333296, 763.9973711435375]
11世代
rank = 0, pop_id = 0, calclation_time:109.73568201065063[sec]
pop_index = 0, scores = 734.0025395450366, rank = 0
