Popularity : [[6, 5], [7, 5], [7, 6], [8, 4], [18, 5], [6, 6], [2, 18], [5, 4], [5, 5], [3, 4], [6, 17], [5, 6], [15, 4], [2, 6], [6, 7], [2, 6], [14, 7], [17, 19], [7, 5], [4, 7], [5, 8], [2, 8], [5, 4], [5, 5], [7, 4], [4, 5], [6, 5], [5, 16], [4, 14], [3, 4], [17, 3], [4, 8], [18, 14]]
Distance : [[0.0, 293.21152774063984, 351.12533374850636, 123.69316876852982, 378.33582965402576, 262.20602586515815, 202.41047403728888, 222.27235545609355, 331.3034862478812, 150.78461459976612, 284.28506819739937, 336.47585351700945, 191.60375779195982, 251.2866888635369, 165.22106403240477, 101.65136496870073, 185.69868066305693, 142.68847185389575, 130.41855696180662, 75.64390259630977, 183.61372497719228, 114.94781424629178, 208.4034548657963, 228.0350850198276, 339.1872639118397, 136.69308687713507, 254.40322325002094, 362.52724035581105, 113.65298060323803, 226.8942484947558, 215.59452683219953, 315.08728949292765, 91.8313671900838], [293.21152774063984, 0.0, 461.8657813694364, 172.59490143106777, 172.40939649566667, 552.8082850319811, 225.5593048402127, 217.7200036744442, 333.2221481234403, 442.2273171119125, 10.04987562112089, 429.7592349211358, 212.92486937884922, 201.77710474679728, 203.1772625073977, 391.47158262126766, 477.6703884479338, 414.79754097631775, 163.76812876747417, 233.6172082702813, 263.1900454044567, 364.45301480437774, 155.54099138169335, 518.8882345939248, 398.5285435197835, 173.0028901492689, 487.09136719921446, 473.4817842325088, 292.6567955814455, 66.84309986827361, 348.5656322703086, 432.20018509945135, 298.328677803526], [351.12533374850636, 461.8657813694364, 0.0, 393.7219831302286, 393.2238548206352, 391.0818328687744, 524.5502835763222, 244.1679749680535, 160.3277892319357, 352.319457311117, 452.60247458448566, 35.22782990761707, 509.3181716766053, 263.59438537267823, 479.5049530505394, 333.42165496560057, 417.6374025395714, 283.0070670495703, 365.7157366042648, 317.49803148996057, 210.4305110957059, 256.4566240127168, 307.82624969290714, 376.3841123108147, 81.27115109311545, 422.45236417849526, 201.2212712413874, 12.206555615733702, 241.4787775354182, 427.873813173931, 138.6578522839583, 36.235341863986875, 442.7188724235731], [123.69316876852982, 172.59490143106777, 393.7219831302286, 0.0, 287.2525021649072, 385.87562763149475, 134.61797799699713, 187.128298234126, 319.95312156626943, 274.46675572826666, 164.34719346554112, 369.56731457205467, 118.40608092492548, 201.30822139197394, 89.58794561770016, 224.87552112224222, 305.6403114773966, 258.2479428766084, 33.83784863137726, 85.61541917201598, 186.72439583514523, 216.05786262017867, 139.44174410842686, 351.7101079013795, 355.9831456684431, 29.0, 353.1416146533852, 405.9088567646683, 165.4962235218677, 105.75916035975324, 257.381040482783, 358.40200892294115, 132.84953895290718], [378.33582965402576, 172.40939649566667, 393.2238548206352, 287.2525021649072, 0.0, 608.3107758374827, 384.02083276822367, 189.992105099133, 236.07625886564705, 507.1587522659941, 170.75128110793196, 358.0195525386847, 369.1639202305664, 155.2063143045411, 351.64755082326394, 457.73900860643283, 558.2060551445138, 458.69597774560873, 260.547500467765, 303.43368303469543, 254.05511213120667, 402.86598267910387, 171.40011668607463, 577.0008665504758, 315.03968004046726, 302.63013729633735, 489.3597858426865, 402.715780669196, 322.07607796916557, 207.00966161027364, 325.0123074592715, 373.68703482994965, 419.0763653560052], [262.20602586515815, 552.8082850319811, 391.0818328687744, 385.87562763149475, 608.3107758374827, 0.0, 438.3993613134034, 422.7871805057481, 471.85802949616107, 111.42710621747295, 543.4795304332997, 400.8989897717379, 432.89721643826726, 458.0229251904319, 412.8074611728814, 161.48374531202822, 107.20074626605917, 150.0133327407934, 389.08225351460067, 320.7023542164915, 360.94597933762884, 205.8275977608445, 440.1908676926408, 34.17601498127012, 432.7493500861671, 397.5084904753608, 191.1674658512792, 396.92064698123227, 286.379119350556, 487.50897427637165, 321.0996729988992, 367.1294049786805, 301.95529470436514], [202.41047403728888, 225.5593048402127, 524.5502835763222, 134.61797799699713, 384.02083276822367, 438.3993613134034, 0.0, 320.0390601161052, 453.7884969895116, 333.0375354220602, 222.39604313026794, 502.0537819795804, 16.55294535724685, 330.2377931127811, 45.34313619501854, 292.97952146865146, 338.54098717880527, 343.29287787543745, 167.2752223134078, 207.71133815947553, 320.62439083762797, 316.26096818924714, 266.101484400219, 405.652560696959, 490.2672740454945, 105.94810050208545, 456.4832965180654, 536.6600413669719, 287.4804341168282, 177.01129907438113, 386.46215856148194, 488.72282533149604, 136.444127759314], [222.27235545609355, 217.7200036744442, 244.1679749680535, 187.128298234126, 189.992105099133, 422.7871805057481, 320.0390601161052, 0.0, 134.27211177307072, 327.5805244516224, 208.4346420343797, 212.44528707410763, 303.52759347380595, 35.38361202590826, 275.9365869180816, 281.0907326825273, 384.6621894597908, 272.8094573140748, 153.44705927452634, 150.16324450410627, 64.07027391856539, 217.1543230055529, 65.0, 392.82184256988563, 184.76200908195386, 214.66252583997982, 300.7523898491914, 255.8300216940928, 137.87675656179326, 187.77113729218343, 140.81193131265547, 214.76731594914529, 291.61961525247233], [331.3034862478812, 333.2221481234403, 160.3277892319357, 319.95312156626943, 236.07625886564705, 471.85802949616107, 453.7884969895116, 134.27211177307072, 0.0, 398.0276372313862, 325.2076259868455, 125.41929676090518, 437.3213921133975, 134.18271125595876, 409.31650345423407, 360.855926929294, 462.1709640382009, 331.41213013406735, 286.6443789785524, 269.2582403567252, 147.95945390545344, 283.0989226401259, 195.28952864913163, 447.77003026107053, 79.76214641043707, 348.04166417255277, 305.88396492787916, 168.68906307167634, 223.00896842952304, 316.4253466459348, 150.88074761214565, 148.03377992877165, 412.3311775745317], [150.78461459976612, 442.2273171119125, 352.319457311117, 274.46675572826666, 507.1587522659941, 111.42710621747295, 333.0375354220602, 327.5805244516224, 398.0276372313862, 0.0, 433.01039248498415, 352.5677239907249, 326.15333817086713, 361.9627052611912, 304.38462510448846, 51.03920062069938, 66.0, 70.02856560004639, 278.4690287985362, 211.81595785020542, 269.7146640433182, 115.43396380615195, 336.63036107873575, 77.25283166331187, 374.64650005038084, 286.29530209208815, 178.932948335403, 360.90164865237176, 189.85520798756087, 376.575357664306, 250.2179050347916, 321.5960198758685, 197.6486782146544], [284.28506819739937, 10.04987562112089, 452.60247458448566, 164.34719346554112, 170.75128110793196, 543.4795304332997, 222.39604313026794, 208.4346420343797, 325.2076259868455, 433.01039248498415, 0.0, 420.63047916193614, 209.3083849252103, 193.19679086361657, 198.3229689168655, 382.2054421381255, 469.00959478458435, 405.0802389650722, 154.5477272560163, 224.0089283934906, 253.33771926027913, 354.5941341872423, 145.91093173576817, 509.59003129967135, 389.8025141016923, 165.85837331892532, 477.0461193637361, 464.2499326871249, 282.63934616397626, 58.69412236331676, 338.71079108879894, 422.7647099747092, 291.27478435319455], [336.47585351700945, 429.7592349211358, 35.22782990761707, 369.56731457205467, 358.0195525386847, 400.8989897717379, 502.0537819795804, 212.44528707410763, 125.41929676090518, 352.5677239907249, 420.63047916193614, 0.0, 486.49768755873856, 230.18470844085192, 456.7909806465097, 328.89664029904594, 418.4781953698424, 282.57388414359883, 340.3307215048327, 296.66479400158016, 183.83144453547658, 249.8259394058191, 276.7959537276512, 383.5413928117798, 47.41307836451879, 398.4934127435484, 214.88834309938733, 45.09988913511872, 224.18965185752887, 398.02638103522736, 120.93386622447825, 34.17601498127012, 427.2154023440634], [191.60375779195982, 212.92486937884922, 509.3181716766053, 118.40608092492548, 369.1639202305664, 432.89721643826726, 16.55294535724685, 303.52759347380595, 437.3213921133975, 326.15333817086713, 209.3083849252103, 486.49768755873856, 0.0, 313.6957124348371, 29.832867780352597, 284.63485380395707, 334.7416914577567, 333.4426487418788, 150.88074761214565, 193.00259065618783, 304.69985231371544, 304.54063768239536, 249.57563983690395, 399.8099548535529, 474.2488798089037, 89.62700485902673, 444.9325791622816, 521.4460662427132, 273.19040978775223, 162.24980739587951, 371.43640101637857, 473.56520142426007, 131.59407281484982], [251.2866888635369, 201.77710474679728, 263.59438537267823, 201.30822139197394, 155.2063143045411, 458.0229251904319, 330.2377931127811, 35.38361202590826, 134.18271125595876, 361.9627052611912, 193.19679086361657, 230.18470844085192, 313.6957124348371, 0.0, 287.57781555606823, 314.8714023216462, 418.13992873199754, 308.021103173143, 167.6007159889241, 177.1016657177453, 99.20181449953424, 252.30140705116966, 64.41273166075166, 427.907700328003, 196.84765683136794, 227.0594635772753, 334.5205524328812, 274.7671741675122, 172.60938560808333, 182.45547402037573, 172.04650534085255, 236.93247983339052, 315.07776817795315], [165.22106403240477, 203.1772625073977, 479.5049530505394, 89.58794561770016, 351.64755082326394, 412.8074611728814, 45.34313619501854, 275.9365869180816, 409.31650345423407, 304.38462510448846, 198.3229689168655, 456.7909806465097, 29.832867780352597, 287.57781555606823, 0.0, 261.0, 317.5436977803212, 307.7433996042807, 122.67436570041843, 163.21764610482532, 275.2889391167033, 276.81221071332817, 223.8972978845435, 379.30726331036686, 444.95617761752675, 61.29437168288782, 417.2349458039199, 491.62994213127416, 243.52617929085162, 146.53668482670133, 341.603571409902, 443.74091539996624, 115.15641536623133], [101.65136496870073, 391.47158262126766, 333.42165496560057, 224.87552112224222, 457.73900860643283, 161.48374531202822, 292.97952146865146, 281.0907326825273, 360.855926929294, 51.03920062069938, 382.2054421381255, 328.89664029904594, 284.63485380395707, 314.8714023216462, 261.0, 0.0, 103.87011119662864, 60.14149981501958, 227.705950734714, 160.80111939908875, 225.80744009000236, 80.09993757800315, 286.76296832052776, 127.45587471748802, 345.5792239125495, 238.20159529272678, 184.19554826325202, 343.11076928595526, 144.69968901141425, 326.0337405852345, 218.00917411888886, 300.2615526503518, 161.40012391568973], [185.69868066305693, 477.6703884479338, 417.6374025395714, 305.6403114773966, 558.2060551445138, 107.20074626605917, 338.54098717880527, 384.6621894597908, 462.1709640382009, 66.0, 469.00959478458435, 418.4781953698424, 334.7416914577567, 418.13992873199754, 317.5436977803212, 103.87011119662864, 0.0, 136.01470508735443, 315.9952531289038, 256.3630238548453, 329.6209944769902, 179.07819521091898, 386.8074456367147, 81.41252974819048, 440.5496566790173, 311.8926097232828, 237.28674636397204, 425.98826274910436, 248.5658866377283, 410.93673479016206, 315.54555930958685, 387.3241536491108, 203.24615617521528], [142.68847185389575, 414.79754097631775, 283.0070670495703, 258.2479428766084, 458.69597774560873, 150.0133327407934, 343.29287787543745, 272.8094573140748, 331.41213013406735, 70.02856560004639, 405.0802389650722, 282.57388414359883, 333.4426487418788, 308.021103173143, 307.7433996042807, 60.14149981501958, 136.01470508735443, 0.0, 253.73411280314676, 181.53236626012455, 211.4000946073582, 55.86591089385369, 292.0273959751037, 120.43255373859678, 304.9458968407347, 276.3059898011623, 124.08464852672147, 291.88011237492697, 136.61991070118586, 352.09799772222505, 181.91481522954638, 251.79356624028344, 216.78791479231492], [130.41855696180662, 163.76812876747417, 365.7157366042648, 33.83784863137726, 260.547500467765, 389.08225351460067, 167.2752223134078, 153.44705927452634, 286.6443789785524, 278.4690287985362, 154.5477272560163, 340.3307215048327, 150.88074761214565, 167.6007159889241, 122.67436570041843, 227.705950734714, 315.9952531289038, 253.73411280314676, 0.0, 72.83543093852057, 156.6301375853319, 206.77040407176264, 106.38138934982942, 355.1351855279902, 324.7845439672276, 61.40032573203501, 339.3316961322653, 377.9219496139381, 146.32839779072276, 98.79271228182775, 231.36551169091732, 330.87913201046695, 158.80806024884254], [75.64390259630977, 233.6172082702813, 317.49803148996057, 85.61541917201598, 303.43368303469543, 320.7023542164915, 207.71133815947553, 150.16324450410627, 269.2582403567252, 211.81595785020542, 224.0089283934906, 296.66479400158016, 193.00259065618783, 177.1016657177453, 163.21764610482532, 160.80111939908875, 256.3630238548453, 181.53236626012455, 72.83543093852057, 0.0, 122.93087488503447, 133.9589489358587, 132.8834075421006, 287.1550104037887, 290.17580877805784, 111.23398761170077, 268.26293072282647, 329.53907203850656, 80.95060222135473, 170.60187572239644, 179.0111728356641, 281.48534597737057, 143.37712509323097], [183.61372497719228, 263.1900454044567, 210.4305110957059, 186.72439583514523, 254.05511213120667, 360.94597933762884, 320.62439083762797, 64.07027391856539, 147.95945390545344, 269.7146640433182, 253.33771926027913, 183.83144453547658, 304.69985231371544, 99.20181449953424, 275.2889391167033, 225.80744009000236, 329.6209944769902, 211.4000946073582, 156.6301375853319, 122.93087488503447, 0.0, 156.42570121306792, 109.04127658827184, 331.8101867031813, 169.80577139779436, 215.72436116489024, 237.87601812709073, 222.61176967986216, 81.27115109311545, 220.42912693199145, 85.37564055396598, 176.6635219845908, 264.9698096010185], [114.94781424629178, 364.45301480437774, 256.4566240127168, 216.05786262017867, 402.86598267910387, 205.8275977608445, 316.26096818924714, 217.1543230055529, 283.0989226401259, 115.43396380615195, 354.5941341872423, 249.8259394058191, 304.54063768239536, 252.30140705116966, 276.81221071332817, 80.09993757800315, 179.07819521091898, 55.86591089385369, 206.77040407176264, 133.9589489358587, 156.42570121306792, 0.0, 236.86494041964082, 175.6957597667058, 265.48257946614876, 237.42788378789885, 140.42791745233566, 266.6927070618917, 80.8084154033477, 303.608300281794, 138.01449199268893, 222.3083444227859, 202.25231766286387], [208.4034548657963, 155.54099138169335, 307.82624969290714, 139.44174410842686, 171.40011668607463, 440.1908676926408, 266.101484400219, 65.0, 195.28952864913163, 336.63036107873575, 145.91093173576817, 276.7959537276512, 249.57563983690395, 64.41273166075166, 223.8972978845435, 286.76296832052776, 386.8074456367147, 292.0273959751037, 106.38138934982942, 132.8834075421006, 109.04127658827184, 236.86494041964082, 0.0, 408.08822575516683, 249.73586046060746, 163.95426191471816, 342.31710445141357, 319.64042297556796, 156.92354826475216, 122.88612614937456, 194.06442229321684, 277.2002886001384, 260.63959791251983], [228.0350850198276, 518.8882345939248, 376.3841123108147, 351.7101079013795, 577.0008665504758, 34.17601498127012, 405.652560696959, 392.82184256988563, 447.77003026107053, 77.25283166331187, 509.59003129967135, 383.5413928117798, 399.8099548535529, 427.907700328003, 379.30726331036686, 127.45587471748802, 81.41252974819048, 120.43255373859678, 355.1351855279902, 287.1550104037887, 331.8101867031813, 175.6957597667058, 408.08822575516683, 0.0, 412.84379612633154, 363.3689584981084, 180.60177186284747, 383.06396332727513, 255.6188568944005, 453.48539116491946, 296.9326522967792, 350.2913073429028, 269.2675249635574], [339.1872639118397, 398.5285435197835, 81.27115109311545, 355.9831456684431, 315.03968004046726, 432.7493500861671, 490.2672740454945, 184.76200908195386, 79.76214641043707, 374.64650005038084, 389.8025141016923, 47.41307836451879, 474.2488798089037, 196.84765683136794, 444.95617761752675, 345.5792239125495, 440.5496566790173, 304.9458968407347, 324.7845439672276, 290.17580877805784, 169.80577139779436, 265.48257946614876, 249.73586046060746, 412.84379612633154, 0.0, 384.94804844290354, 252.29546171106605, 89.05054744357274, 225.55043781824057, 372.52248254300036, 128.2692480682724, 76.36753236814714, 427.46344872983], [136.69308687713507, 173.0028901492689, 422.45236417849526, 29.0, 302.63013729633735, 397.5084904753608, 105.94810050208545, 214.66252583997982, 348.04166417255277, 286.29530209208815, 165.85837331892532, 398.4934127435484, 89.62700485902673, 227.0594635772753, 61.29437168288782, 238.20159529272678, 311.8926097232828, 276.3059898011623, 61.40032573203501, 111.23398761170077, 215.72436116489024, 237.42788378789885, 163.95426191471816, 363.3689584981084, 384.94804844290354, 0.0, 376.19675703014775, 434.63202827219254, 192.00520826269272, 107.89810007595129, 285.74814085134483, 387.04650883324086, 125.41929676090518], [254.40322325002094, 487.09136719921446, 201.2212712413874, 353.1416146533852, 489.3597858426865, 191.1674658512792, 456.4832965180654, 300.7523898491914, 305.88396492787916, 178.932948335403, 477.0461193637361, 214.88834309938733, 444.9325791622816, 334.5205524328812, 417.2349458039199, 184.19554826325202, 237.28674636397204, 124.08464852672147, 339.3316961322653, 268.26293072282647, 237.87601812709073, 140.42791745233566, 342.31710445141357, 180.60177186284747, 252.29546171106605, 376.19675703014775, 0.0, 206.34194920083507, 195.31000998412753, 431.5112976504787, 166.4692163734785, 180.71247881648904, 337.25064862799], [362.52724035581105, 473.4817842325088, 12.206555615733702, 405.9088567646683, 402.715780669196, 396.92064698123227, 536.6600413669719, 255.8300216940928, 168.68906307167634, 360.90164865237176, 464.2499326871249, 45.09988913511872, 521.4460662427132, 274.7671741675122, 491.62994213127416, 343.11076928595526, 425.98826274910436, 291.88011237492697, 377.9219496139381, 329.53907203850656, 222.61176967986216, 266.6927070618917, 319.64042297556796, 383.06396332727513, 89.05054744357274, 434.63202827219254, 206.34194920083507, 0.0, 253.26863208853953, 439.87384555119894, 150.6286825275983, 48.104053883222775, 454.1860852117775], [113.65298060323803, 292.6567955814455, 241.4787775354182, 165.4962235218677, 322.07607796916557, 286.379119350556, 287.4804341168282, 137.87675656179326, 223.00896842952304, 189.85520798756087, 282.63934616397626, 224.18965185752887, 273.19040978775223, 172.60938560808333, 243.52617929085162, 144.69968901141425, 248.5658866377283, 136.61991070118586, 146.32839779072276, 80.95060222135473, 81.27115109311545, 80.8084154033477, 156.92354826475216, 255.6188568944005, 225.55043781824057, 192.00520826269272, 195.31000998412753, 253.26863208853953, 0.0, 236.21176939348302, 103.46980235798269, 205.24375751773792, 203.19448811422026], [226.8942484947558, 66.84309986827361, 427.873813173931, 105.75916035975324, 207.00966161027364, 487.50897427637165, 177.01129907438113, 187.77113729218343, 316.4253466459348, 376.575357664306, 58.69412236331676, 398.02638103522736, 162.24980739587951, 182.45547402037573, 146.53668482670133, 326.0337405852345, 410.93673479016206, 352.09799772222505, 98.79271228182775, 170.60187572239644, 220.42912693199145, 303.608300281794, 122.88612614937456, 453.48539116491946, 372.52248254300036, 107.89810007595129, 431.5112976504787, 439.87384555119894, 236.21176939348302, 0.0, 304.38462510448846, 395.7183341721735, 233.21234958723778], [215.59452683219953, 348.5656322703086, 138.6578522839583, 257.381040482783, 325.0123074592715, 321.0996729988992, 386.46215856148194, 140.81193131265547, 150.88074761214565, 250.2179050347916, 338.71079108879894, 120.93386622447825, 371.43640101637857, 172.04650534085255, 341.603571409902, 218.00917411888886, 315.54555930958685, 181.91481522954638, 231.36551169091732, 179.0111728356641, 85.37564055396598, 138.01449199268893, 194.06442229321684, 296.9326522967792, 128.2692480682724, 285.74814085134483, 166.4692163734785, 150.6286825275983, 103.46980235798269, 304.38462510448846, 0.0, 102.53292154230269, 306.2972412543084], [315.08728949292765, 432.20018509945135, 36.235341863986875, 358.40200892294115, 373.68703482994965, 367.1294049786805, 488.72282533149604, 214.76731594914529, 148.03377992877165, 321.5960198758685, 422.7647099747092, 34.17601498127012, 473.56520142426007, 236.93247983339052, 443.74091539996624, 300.2615526503518, 387.3241536491108, 251.79356624028344, 330.87913201046695, 281.48534597737057, 176.6635219845908, 222.3083444227859, 277.2002886001384, 350.2913073429028, 76.36753236814714, 387.04650883324086, 180.71247881648904, 48.104053883222775, 205.24375751773792, 395.7183341721735, 102.53292154230269, 0.0, 406.6165269636737], [91.8313671900838, 298.328677803526, 442.7188724235731, 132.84953895290718, 419.0763653560052, 301.95529470436514, 136.444127759314, 291.61961525247233, 412.3311775745317, 197.6486782146544, 291.27478435319455, 427.2154023440634, 131.59407281484982, 315.07776817795315, 115.15641536623133, 161.40012391568973, 203.24615617521528, 216.78791479231492, 158.80806024884254, 143.37712509323097, 264.9698096010185, 202.25231766286387, 260.63959791251983, 269.2675249635574, 427.46344872983, 125.41929676090518, 337.25064862799, 454.1860852117775, 203.19448811422026, 233.21234958723778, 306.2972412543084, 406.6165269636737, 0.0]]
0世代
rank = 0, pop_id = 0, calclation_time:80.52313828468323[sec]
pop_index = 0, scores = 86.15290558806335, rank = 0
0世代評価 : [86.15290558806335, 80.36373348525154, 94.08046475920793, 88.17008237201098, 101.09895908755152, 99.76506941203004, 74.67954722586046, 99.20965985176723, 98.64990178010805, 77.12060763657144, 101.11233727370123, 108.2810054838098, 98.07723577817202, 103.0258683701062, 76.64690726936351, 94.64684347935273, 103.49115123999758, 103.4581518320016, 95.12378521532538, 107.97165915053246, 108.55248647211843, 99.90788439067234, 75.66906751977075, 92.6712106338274, 98.65193488382664, 96.00400854286437, 76.83131946356362, 103.65628199268139, 95.4302031061518, 106.12973542565966, 103.75614340209329, 102.41610397764214, 101.50868819240237, 95.62925678359557, 101.0151441020151, 103.52985755340013, 105.3550336396045, 79.48398849037926, 94.13928864269113, 104.8700014885415, 103.42129622867037, 94.11538453580515, 102.73599060873987, 103.66155594403085, 94.56102607447278, 98.97649996179749, 101.08543844752202, 100.01320267125162, 97.06200568079134, 102.55539471377716, 108.18237067891084, 108.18325861755542, 95.01036291267033, 101.00982618507665, 75.41495780693755, 105.70729979144868, 105.86108533052884, 77.99953946821407, 105.84265813793176, 105.31908943091112, 107.67293738662345, 105.12659329306334, 103.551916849275, 101.26719154917082, 101.12093899389296, 71.10163831723696, 108.13549644027623, 101.97687995529778, 110.36740671756387, 99.83579750815422, 92.36814287050562, 102.28951170338847, 95.16669286145945, 100.94937749946459, 99.06665309677429, 105.42131424213217]
0世代, new best [1, 0, 0, 1, 1, 1, 1, 1, 1, 1, 1, 1, 1, 1, 1, 0, 0, 0, 0, 1, 1, 1, 1, 1, 1, 1, 0, 1, 1, 0, 1, 1, 0] = 94.08046475920793
拠点利用数 : 24
0世代, new best [1, 0, 1, 0, 1, 1, 0, 1, 1, 1, 0, 1, 1, 1, 1, 1, 1, 1, 1, 0, 0, 1, 0, 1, 1, 1, 1, 1, 1, 1, 1, 1, 1] = 92.6712106338274
拠点利用数 : 26
0世代, new best [1, 1, 1, 1, 1, 1, 1, 0, 1, 1, 0, 1, 1, 1, 1, 1, 1, 0, 1, 1, 1, 0, 1, 1, 0, 1, 1, 1, 0, 1, 1, 0, 1] = 92.36814287050562
拠点利用数 : 26
1世代
rank = 0, pop_id = 0, calclation_time:106.82148694992065[sec]
pop_index = 0, scores = 79.04223051233855, rank = 0
1世代評価 : [79.04223051233855, 106.1135325380242, 105.11389908157764, 100.00431982291218, 106.16225921038773, 105.88857760718571, 97.28666808359, 96.2572966893851, 109.11054688345651, 71.17023371439606, 106.004644526855, 98.69055811400592, 103.43338188504997, 105.67079689364853, 97.56587999654823, 98.92971756458851, 98.64347101496395, 105.9327090879847, 90.25511985490243, 103.78394720383191, 110.55807162629853, 105.48742558379132, 106.15569468338444, 105.17974408187223, 78.82414292498859, 99.51634049057981, 85.38909897518668, 98.04076548079425, 101.20466568632351, 98.5040901679401, 108.57931963435514, 105.36902771082941, 105.33629404426975, 103.30505255700731, 100.06478308524353, 109.8401301317962, 94.28340330328045, 105.49676482696218, 111.48419056717766, 103.42801054772676, 106.08727259495123, 103.27786661882193, 92.6162923662811, 87.07581907917186, 101.14440574023929, 106.11547521996785, 110.9408476142863, 99.78634154190473, 111.92478723640987, 100.48436091173959, 98.74072450299828, 103.38733874810275, 71.92383727686672, 108.09701971329272, 103.44040959348561, 103.65221936855616, 97.00244141426589, 105.4811097171254, 111.04165621026341, 94.47802970726565, 95.46422207274684, 105.00349042482819, 84.23886076581462, 108.56047077750881, 85.59529795696886, 108.75259758335268, 105.39690314690091, 95.68666497330102, 103.39100831630935, 81.09813688139184, 84.09613791600206, 103.33690537016447, 105.9564035447956, 106.03021913387119, 94.15303302709172, 110.97379932383194]
2世代
rank = 0, pop_id = 0, calclation_time:110.1846079826355[sec]
pop_index = 0, scores = 111.02756931159539, rank = 0
2世代評価 : [111.02756931159539, 108.74815100739316, 105.80929576124072, 98.95796181042829, 105.54598660184385, 88.42135261329, 105.79802816390118, 106.2474714364946, 106.12383489139523, 106.06779587026115, 102.23758740423482, 104.66956714484242, 97.59150453553706, 100.2928977538123, 96.63379540988615, 102.9174325274791, 106.25542667390523, 105.86384939906435, 99.34449482437667, 97.7163386019862, 105.50704858429881, 102.41785810635866, 100.8792502258756, 100.7383272827651, 104.78676284786151, 108.95832528229265, 98.87143453089422, 103.6527016631561, 96.83082685164457, 103.44978600591445, 99.34089680848156, 96.02192187727833, 103.48277366888622, 110.43605321698465, 102.9863252113771, 89.4594421784094, 103.91820990585796, 98.07128264484466, 96.49472038651618, 101.97423589756853, 108.2283997768987, 107.5304331559354, 95.84574490239105, 105.64786276089839, 98.78966927992879, 76.79767504629672, 106.08156855066001, 105.94893783601671, 97.24064521674295, 112.270466419774, 76.88831370865537, 110.82737768956976, 107.93918068333086, 99.31432191021455, 96.27290965824095, 98.40407562638858, 89.74313697703667, 95.1588109246121, 105.94277786247574, 99.03808984134908, 102.60996439009408, 105.77536886335541, 96.92643825564257, 101.25066255255092, 97.91686748227482, 100.56557624590958, 106.72374566763465, 78.53394293533418, 105.94454216090897, 97.62862212594062, 109.00446084180909, 95.98721816513564, 103.79060220493021, 105.64632864955618, 105.11566353273459, 96.61664634792552]
3世代
rank = 0, pop_id = 0, calclation_time:123.4845826625824[sec]
pop_index = 0, scores = 108.59540612642672, rank = 0
3世代評価 : [108.59540612642672, 103.55474351944375, 105.7702839843413, 108.4762300951795, 111.03620432046263, 75.6746841722041, 88.12882838181464, 103.3652892972678, 105.15286802978287, 102.37048397770009, 98.92823209240193, 88.13066010809156, 99.94523756818657, 101.005144809246, 81.6030623275569, 96.70875189208385, 105.97855794785829, 101.0210371311601, 111.49096247731752, 103.0346336421703, 105.96938038164272, 104.90850793154193, 103.37663461607511, 99.04823380030554, 105.90417176777358, 98.28968360247691, 96.93119445901733, 102.93358520021917, 101.20845849340239, 85.1439158373744, 60.46903881816671, 110.47541704561137, 105.64758601034407, 97.9105228669707, 100.99002702935454, 106.10744459395235, 103.60751680190579, 101.84111303153826, 107.55968287704533, 105.80328908618566, 103.22751014052305, 99.8733766488332, 108.30924082801799, 105.66185640600929, 103.63141744521502, 102.3211389749611, 91.25481138370867, 106.05123776815032, 108.3642450731793, 96.01259552350906, 100.4635182324425, 108.3705193275852, 105.52693078266543, 75.93631628432, 95.40340449833957, 105.79269727757179, 101.24893849343876, 77.67053121560164, 110.54387715162608, 98.31073129118755, 86.9019667134185, 105.74236980661718, 100.1442574139544, 103.04530101624776, 104.68086146169726, 102.00691885566168, 103.27841187030137, 96.55654621754059, 102.42255934670085, 94.85377801988797, 110.82207110938809, 87.00967289326208, 79.77259397370335, 111.16813302091263, 105.55333392241097, 99.25574511649154]
4世代
rank = 0, pop_id = 0, calclation_time:131.30855417251587[sec]
pop_index = 0, scores = 101.20628330754586, rank = 0
4世代評価 : [101.20628330754586, 102.58789493905476, 100.42008365383782, 102.86477893159868, 109.06051758189979, 111.17689547914189, 110.51951337981755, 103.44198428735369, 103.04123235161282, 99.82797704862185, 105.18101612809166, 100.64135571559608, 101.26370606243204, 97.70544363419687, 100.31332016302501, 102.61542121328668, 99.59406869625101, 82.37889692348507, 67.7176820144242, 105.88014373381937, 107.52085486088298, 102.36013196358674, 100.43102379224544, 108.16896861244183, 88.42659846214386, 105.8150915953809, 95.79129798330533, 101.38849932160198, 102.61179381902222, 105.8407575286907, 103.69289468817749, 105.07640151634962, 111.12155331148604, 106.10785727461128, 102.46160716535623, 105.61013389491042, 105.78073804053417, 84.01385824627609, 103.50053686442436, 105.48742113318946, 93.19809055269909, 105.19163296645584, 105.88180493801586, 81.4254357389136, 91.06415099008284, 103.2848735556049, 96.77634809316646, 103.64486174431819, 103.57636626919594, 78.39765294815017, 100.30850149376893, 94.15410652108719, 77.06328731937572, 101.19332211925739, 104.86605993220215, 108.0431533216353, 102.33637780446833, 111.48723200599552, 105.9787657562269, 106.06817274489669, 83.09027713458026, 103.08658290101505, 103.52733379993825, 76.43921266501033, 98.7701530350537, 100.1988334554046, 78.87002845667286, 83.84287816548134, 103.66949673375512, 110.49603795105985, 105.0356922047174, 100.60096458376104, 103.27346860504213, 105.65682321300008, 105.65935085571718, 108.26881016459282]
5世代
rank = 0, pop_id = 0, calclation_time:133.49496459960938[sec]
pop_index = 0, scores = 105.25013630384612, rank = 0
5世代評価 : [105.25013630384612, 110.29069231179396, 71.33591415022454, 86.75630995820813, 105.7230323445463, 110.57780788035777, 97.7528794273151, 96.53882022478392, 96.73908105358348, 105.75222831624028, 108.02183184764152, 90.41778982515436, 104.9479493390844, 103.41034780889743, 100.42347728127248, 108.16177467271453, 71.91575689572227, 98.91569631709773, 95.97561262305223, 96.62531402084188, 79.05680655184311, 93.73632834374699, 106.1126902884871, 74.85905803386699, 106.33240506037879, 101.26429181179552, 98.6125720325211, 108.90094786721379, 101.82169389003977, 100.65240500984416, 100.17504738539934, 105.98026786903596, 98.56641749470501, 85.11707764589994, 103.66370178764718, 99.5694651704278, 105.07952889625784, 85.98191664781777, 73.84718934266907, 101.40573666356171, 102.48616706452714, 105.3666888885981, 105.49061597560905, 103.48068527403957, 102.60977818057661, 108.45089669969906, 108.35139454047008, 105.57114576601333, 110.92247887804108, 102.92376145186327, 97.80323451481479, 105.25852216461831, 103.5949310300133, 101.98694307157504, 110.0144085613959, 110.3235735469529, 107.43478066168797, 103.51053206494217, 98.99104228861096, 105.61134004281092, 105.1328196770914, 94.13718850773013, 94.97797238903739, 102.51711533792275, 108.4435875075868, 94.75791595798172, 107.68210927663729, 104.9567749461804, 99.89496274536245, 96.27383823765128, 98.00036203544539, 97.37681861454537, 96.66378843574296, 75.22277048371949, 105.91223247321295, 102.70185982326464]
6世代
rank = 0, pop_id = 0, calclation_time:123.64559626579285[sec]
pop_index = 0, scores = 105.65854336155076, rank = 0
6世代評価 : [105.65854336155076, 97.46104797288703, 108.12626415345382, 91.28905931603755, 96.93841368449804, 105.84180119996671, 105.92828807863995, 99.82506031193626, 105.4488506723749, 101.46690037577294, 104.4960227833015, 108.27933940774717, 94.80170831505768, 108.39837639228254, 104.34645813651757, 105.75492354409685, 80.77523646043902, 105.9771801723922, 103.55400022364582, 95.06144155283617, 100.9509969827794, 106.08676323551539, 102.91227168820109, 108.35351876381317, 92.69557507762877, 105.74924863646821, 79.34955097347361, 111.00882409473606, 77.09584560409031, 101.05358006963291, 101.71302776961699, 105.60711894143584, 106.191966196295, 82.72909152719758, 102.90866255653148, 64.29372463337516, 94.14340143375614, 76.51537918997761, 101.15995452881518, 72.51778922097648, 111.02249152905658, 99.76070514751284, 104.51078799228941, 110.82217913076497, 96.52507120214642, 103.03025246686501, 110.39561738177484, 103.05015489965899, 104.979930450694, 110.61444993345356, 108.29042012219467, 108.60609667530773, 108.93780189891106, 81.76568679034733, 95.6337906357747, 108.76653564128175, 105.52626998806566, 97.73185174939472, 78.57692893853111, 105.8420397807285, 105.26048615120175, 102.74529424549837, 105.26507659460269, 105.91992101612946, 73.52702296920732, 110.38573735171383, 106.07903210351189, 102.39422799174413, 103.31189526231037, 74.72916098578507, 105.95847693486215, 99.86810674425863, 105.45587723890296, 110.01709731241, 99.44699755851018, 103.54662952898909]
7世代
rank = 0, pop_id = 0, calclation_time:120.2357006072998[sec]
pop_index = 0, scores = 111.19138449565895, rank = 0
7世代評価 : [111.19138449565895, 105.81575685780898, 103.83678972657701, 108.19088326243245, 103.04225631453961, 110.89326892434738, 109.55880630523141, 97.11810331842906, 101.27643043532467, 103.82540971976884, 96.95273505364925, 101.24551724589725, 87.49244996422415, 110.78425762889881, 100.96270388160845, 98.01000646398553, 108.21991248635922, 107.72966049381795, 103.54667244436135, 93.16894085526594, 81.84904021489734, 107.32617784825686, 108.60454278970228, 105.65754077162742, 99.84102736884549, 103.3290922999286, 85.48006241118709, 100.81173306058001, 105.48928759367352, 98.63569966974899, 101.04173066319348, 97.20752132985415, 99.83075787279641, 105.17091009175131, 103.36227421879863, 66.29427057859843, 97.53635189329943, 105.06420857091844, 108.58030570432636, 107.42901201632873, 110.80382092305378, 107.61123003240299, 99.98428092060749, 108.88257609043082, 105.82405419992755, 111.03936510824211, 103.10942815020238, 110.76956793306974, 96.08156686888361, 97.13914689907385, 107.84403527469907, 96.99504815339652, 102.1436436156846, 100.37299144913442, 102.9848941406085, 90.23350239282674, 81.87541344528191, 103.13644800847423, 105.73823603131152, 103.19035549024323, 82.12539125879299, 99.1731409509236, 98.69912440878339, 106.2727648026438, 102.9174586661554, 108.3904422538493, 96.5891204548896, 105.23115447522939, 105.33149435541365, 107.71565301672783, 101.68633816058843, 105.62449296554001, 94.48979182642044, 102.7889911260198, 106.09532486965908, 80.62974830647391]
8世代
rank = 0, pop_id = 0, calclation_time:143.67220997810364[sec]
pop_index = 0, scores = 98.32681386324802, rank = 0
8世代評価 : [98.32681386324802, 111.36126160156013, 103.19897257433017, 101.20510723910517, 91.26071070131002, 96.96409880133885, 103.29548750726974, 85.11925858591839, 104.42851778972884, 97.17065618459368, 102.28363661279334, 103.69709080081273, 110.89616879131425, 98.81848010628647, 101.06727112867573, 78.36858859450989, 101.93268308655567, 101.36943123120876, 103.86348103138894, 106.24108899480271, 100.9642048528148, 102.99431239809961, 64.7158984292205, 85.91278894827529, 100.51504200163204, 105.20637226918396, 74.67326161351295, 110.41875158942095, 103.73500139964855, 108.25180033914569, 103.13613449626175, 110.6327511180889, 103.63783996980007, 71.44232413493923, 105.90950104104651, 105.82457505426811, 103.75827475061602, 95.12603740731458, 102.3463850705941, 99.45441973834359, 105.48670612693586, 92.94517889632536, 101.50704400477365, 103.52957584679568, 102.2308633596028, 77.18885422498776, 103.57703609357058, 103.62565841863854, 107.64499153948721, 100.61211445410072, 102.6027196866253, 101.0926271066045, 108.76008490582922, 101.3945361169114, 105.81794215340751, 108.16102278585697, 80.45785146656176, 105.93206230247955, 96.8307992108454, 105.77797551771572, 110.54618060423917, 94.12369663777703, 107.80875767584655, 106.16699768527944, 102.97322846824666, 90.61466886324344, 102.37914169615811, 79.62294312480205, 103.25851712551588, 97.71399205119424, 101.03401879883222, 102.28257025574896, 111.46230206126573, 111.47485600435625, 105.98466613745111, 111.33004014368899]
9世代
rank = 0, pop_id = 0, calclation_time:119.01547622680664[sec]
pop_index = 0, scores = 108.35229157615525, rank = 0
9世代評価 : [108.35229157615525, 87.69571793635954, 102.25964090485805, 111.12577570798322, 99.73602258048295, 88.50862310515616, 98.31230014539065, 100.7318917179133, 78.99322857593994, 103.78341179139261, 106.7308915988434, 103.56178096514755, 108.48648323539517, 78.2165415049193, 108.53211471342945, 95.99460930284229, 106.05774840935204, 97.70422457950356, 83.81320469213456, 81.96616558780784, 98.69287408430739, 76.58337562018009, 76.79065937135488, 102.75683525926614, 101.00314317132751, 100.12591850719555, 98.36772679867263, 103.31429739898824, 109.49299283001655, 86.95516348848133, 105.69941666569397, 74.86258366787482, 89.20804464248486, 77.8476348824785, 101.16319299701873, 99.97391837568455, 84.82128083487838, 111.3338844994263, 74.02602385636308, 110.60785349302918, 108.23824493173733, 101.10877925329027, 108.84063435699422, 98.86262010864768, 111.13329337057674, 105.8319577699956, 93.09344457514715, 85.9518053186088, 110.36859367582831, 91.00620636153391, 77.50820391908236, 81.19965163526331, 102.84263285312575, 94.96209193034527, 92.49675537025072, 101.23282914335745, 98.70437558223719, 102.29124959922552, 110.99975703573314, 101.63848747112091, 98.90023594060484, 94.6686028681919, 105.43639426149635, 100.75303669483709, 101.31851462606753, 110.29705578161546, 111.18844100974597, 101.11398141498496, 103.44452700807257, 84.64363206217314, 97.80687063534388, 103.93304509611947, 108.76358588374637, 103.29676488668882, 108.42980353408385, 93.97183110933935]
10世代
rank = 0, pop_id = 0, calclation_time:123.96043372154236[sec]
pop_index = 0, scores = 104.45902761943475, rank = 0
10世代評価 : [104.45902761943475, 96.8777049072179, 101.93704933881554, 102.23462593054347, 103.25124151721118, 105.76838104304427, 100.56525527162789, 102.04736522289731, 93.84810149089357, 94.57905651755652, 102.4919985421856, 105.82423612860357, 94.57645143824259, 96.00034434291571, 110.94553264481509, 103.56071349502194, 108.1555641144508, 82.54593331198961, 108.6191271521148, 72.60941245600407, 105.56563338682523, 103.72921854112013, 107.4230232996724, 100.25574019239231, 93.15644805952498, 104.83910953725083, 98.25150760046394, 98.01941847128872, 108.65098775026969, 105.41064878836714, 96.34136600729046, 102.12355654426126, 103.47929450951217, 110.19292400006178, 100.39464856806622, 100.76864594926748, 79.2720020457315, 108.17499230014235, 103.63881509763358, 105.57343884474233, 108.02725601941238, 79.29361688583761, 98.37011327002615, 80.50143494668464, 105.23655402054662, 105.67896595053745, 108.32827433564546, 95.4419022623579, 87.82509402918063, 102.73788779570137, 101.22205840525166, 95.90526304191641, 105.74281842941923, 81.54721268129842, 106.16877991718022, 94.43425596769272, 108.86787074409062, 108.27678347924775, 98.61393954529285, 101.41420770991456, 95.44679733889551, 100.8945030051511, 105.6401720427436, 100.91053028457324, 103.74690991049006, 108.52606702907678, 83.12568619106958, 97.98486944218631, 98.2551433952958, 100.54453973798154, 110.35168248215912, 73.7586701085608, 108.48302407850895, 98.52904687379386, 103.70031169615702, 97.60774938826009]
11世代
rank = 0, pop_id = 0, calclation_time:131.0971167087555[sec]
pop_index = 0, scores = 101.406577178536, rank = 0
