Popularity : [[5, 4], [3, 5], [8, 10], [8, 18], [3, 5], [6, 6], [6, 6], [5, 2], [8, 14], [17, 7], [4, 4], [7, 4], [7, 16], [4, 7], [5, 1], [4, 7], [18, 14], [4, 4], [6, 7], [2, 4], [5, 2], [5, 5], [6, 6], [8, 7], [16, 5], [7, 3], [7, 9], [5, 2], [15, 3], [2, 6], [3, 7], [20, 16], [13, 1]]
Distance : [[0.0, 35.35533905932738, 60.14149981501958, 129.75746606650424, 194.83326204732086, 203.9730374338726, 243.97745797511703, 330.21508142421357, 227.7827912727386, 51.61395160225576, 393.0814165029937, 118.68024266911489, 377.13260267444394, 186.2605701698564, 139.31259813814398, 451.33801080786446, 355.6754138255834, 283.9330907097656, 51.97114584074513, 82.21921916437786, 161.02794788483146, 372.9785516621566, 260.10959228755866, 125.7179382586272, 181.60396471443016, 95.63472172804185, 166.48123017325406, 284.3448610402516, 270.22398117117586, 193.7679023987203, 150.63200191194434, 156.259399717265, 172.38619434281853], [35.35533905932738, 0.0, 59.43904440685432, 102.7861858422619, 229.96086623597503, 229.2967509582288, 234.38643305447522, 304.69000639994744, 193.25889371514057, 48.27007354458868, 367.7512746408909, 128.47178678604885, 355.48980294798895, 164.13713778423212, 172.58621034138272, 459.6389887727106, 335.5964838909967, 307.46707140765494, 82.29823813423954, 115.31695452100702, 193.03885619221847, 387.5061289837878, 225.7011298155151, 92.43916918709297, 177.5894140989265, 121.3424904969401, 170.182255244194, 315.0142853903613, 301.0597947252339, 206.00970850908945, 149.77316181479245, 125.25573839150046, 165.3148511174964], [60.14149981501958, 59.43904440685432, 0.0, 89.1852005660132, 214.78593994952277, 260.03461308064357, 293.6800980659057, 358.3196896627368, 228.56946427727394, 11.180339887498949, 421.2576408802575, 70.02856560004639, 412.0218440811118, 134.08206442324789, 148.03040228277433, 511.0978379919054, 393.06233602318093, 340.812265037513, 107.82393055347222, 130.77079184588584, 208.4922060893404, 433.021939397994, 260.8601157708859, 103.58571330062848, 235.4591259645716, 153.18289721767243, 224.37691503361035, 332.5793138485916, 318.27660925679095, 253.85231927244627, 206.23530250662714, 122.65398485169571, 224.01785643113362], [129.75746606650424, 102.7861858422619, 89.1852005660132, 0.0, 303.92268753747226, 331.78908963376114, 304.81797847239915, 325.4980798714487, 167.17057157286985, 88.45903006477066, 386.00518131237567, 130.29965464267354, 388.0618507403169, 65.11528238439882, 236.48467180770933, 552.5223977360556, 374.2191871083042, 410.2499238269277, 181.59295140505867, 211.15160430363773, 290.2085457046363, 486.7134680692532, 196.7587355112855, 40.44749683231337, 260.969346858975, 223.4390297150433, 263.2128416320146, 413.94806437523056, 399.78244083501215, 305.1311193569086, 239.0585702291386, 35.4682957019364, 245.0673376849718], [194.83326204732086, 229.96086623597503, 214.78593994952277, 303.92268753747226, 0.0, 183.3712082089225, 374.73323845103465, 502.9771366573236, 422.3091284829159, 216.92394980729998, 563.4012779538222, 200.02249873451737, 536.2993567029519, 339.6483475596488, 70.25667228100119, 477.88073826008093, 510.7220379032023, 244.6752950340512, 163.783393541592, 132.06059215375342, 111.04053313993049, 374.30068127108717, 454.4678206430022, 313.9442625690108, 306.88760157425713, 164.20109622045769, 271.4479692316743, 179.61069010501575, 167.83622970026465, 254.043303395307, 275.77164466275354, 337.23137457834497, 308.97410894765926], [203.9730374338726, 229.2967509582288, 260.03461308064357, 331.78908963376114, 183.3712082089225, 0.0, 233.77339455121918, 390.43693472826055, 375.8324094593227, 253.85231927244627, 442.7595284124329, 294.20061182805176, 403.9455408839167, 390.2255757891838, 203.22647465327935, 295.71100757327247, 375.9414848084739, 81.12336284942828, 152.64337522473747, 132.30646242719968, 76.05918747922567, 195.616972678753, 402.92182864669917, 318.5215848258953, 177.6091213873882, 108.52188719332152, 138.45215780189199, 104.80935072788114, 94.62557793746889, 93.23625904121208, 158.8238017426859, 353.62409420173844, 189.44656238633627], [243.97745797511703, 234.38643305447522, 293.6800980659057, 304.81797847239915, 374.73323845103465, 233.77339455121918, 0.0, 164.62381358722072, 231.9051530259731, 282.56149773102493, 210.67985190805504, 360.9764535257113, 170.182255244194, 368.27435425236985, 352.56346946330103, 273.5415873317986, 142.27438279606065, 261.87974339379514, 231.36551169091732, 250.88842141477951, 273.2489707208428, 250.0319979522621, 244.24577785501228, 268.6000744601535, 68.4470598345904, 212.2192262732102, 103.87011119662864, 334.73123547108656, 326.6863939621606, 140.75865870347016, 101.11874208078342, 302.42354405700627, 72.11102550927978], [330.21508142421357, 304.69000639994744, 358.3196896627368, 325.4980798714487, 502.9771366573236, 390.43693472826055, 164.62381358722072, 0.0, 175.6843760839307, 347.9109081359767, 63.06346010171025, 427.6037885706814, 70.178344238091, 374.85597234137805, 463.85558097321626, 403.43524883182926, 72.67048919609665, 426.0187789288167, 341.82597911803015, 371.13070473891, 415.4274906647368, 405.80413994931104, 163.783393541592, 285.25251970841555, 212.92721761202816, 340.84600628436294, 252.40047543536838, 494.2003642248759, 484.9340161300298, 300.1666203960727, 236.21176939348302, 305.3342430845253, 202.9507329378241], [227.7827912727386, 193.25889371514057, 228.56946427727394, 167.17057157286985, 422.3091284829159, 375.8324094593227, 231.9051530259731, 175.6843760839307, 0.0, 220.8008152158864, 229.85647695899283, 289.8068322175997, 244.80604567698077, 205.0219500443794, 365.60771326655566, 505.3998417095122, 239.06902768865731, 438.82684512231015, 263.4274093559742, 298.23648334836565, 367.0490430446591, 470.6846077789245, 32.55764119219941, 131.30879635424276, 227.6071176391459, 285.8548582760139, 254.0019684963091, 476.92032877620136, 464.3619278106249, 309.1035425225664, 227.07928130941406, 139.16896205691842, 209.16022566444127], [51.61395160225576, 48.27007354458868, 11.180339887498949, 88.45903006477066, 216.92394980729998, 253.85231927244627, 282.56149773102493, 347.9109081359767, 220.8008152158864, 0.0, 410.8880626155985, 81.0, 401.19945164469004, 137.87313008704777, 151.6047492659778, 501.51171471860954, 382.1060062338722, 334.3560975965595, 101.23734488813898, 126.30122723077555, 204.78769494283586, 424.48674890978634, 253.21334877924585, 98.4733466477097, 224.61522655421203, 146.23952953972466, 214.1494805036893, 328.95592409926286, 314.6823795511913, 244.72433471152803, 195.616972678753, 120.48651376813922, 213.0187785149469], [393.0814165029937, 367.7512746408909, 421.2576408802575, 386.00518131237567, 563.4012779538222, 442.7595284124329, 210.67985190805504, 63.06346010171025, 229.85647695899283, 410.8880626155985, 0.0, 490.42226703117797, 54.037024344425184, 432.89721643826726, 525.9515186782903, 418.8711018917395, 78.587530817554, 471.51352048483193, 403.39558748206457, 431.9317075649807, 472.83083655785396, 436.4057744805859, 212.51352898109803, 346.0231206147936, 266.9175902783479, 400.2811511925087, 306.4718584144391, 545.0550430919799, 536.5910919871853, 350.6180257773408, 292.8497908484826, 364.156559737704, 259.09457732650446], [118.68024266911489, 128.47178678604885, 70.02856560004639, 130.29965464267354, 200.02249873451737, 294.20061182805176, 360.9764535257113, 427.6037885706814, 289.8068322175997, 81.0, 490.42226703117797, 0.0, 481.99792530673824, 145.03103116229988, 130.034610777285, 564.6459067415614, 463.0874647407334, 374.8986529717065, 152.6106156202772, 162.48384535085327, 229.94129685639334, 479.5873226014216, 321.30981933330327, 159.15401345866212, 300.1016494456503, 196.1555505204989, 284.48725806264156, 349.14323708186015, 335.0044775820168, 306.31519714176767, 269.3120866207085, 165.51737068960466, 290.13100489261745], [377.13260267444394, 355.48980294798895, 412.0218440811118, 388.0618507403169, 536.2993567029519, 403.9455408839167, 170.182255244194, 70.178344238091, 244.80604567698077, 401.19945164469004, 54.037024344425184, 481.99792530673824, 0.0, 440.45431091090484, 504.38576506479643, 364.8575064323057, 28.42534080710379, 426.69075452838206, 380.7571404451924, 406.69521757699584, 440.3237445334966, 384.72067789501517, 233.94443784796422, 347.6147292621531, 232.46720198772127, 372.1142297736006, 271.26555254952666, 504.1676308530725, 496.5178748041202, 310.84562084739105, 261.37520922994975, 370.4186820342624, 227.705950734714], [186.2605701698564, 164.13713778423212, 134.08206442324789, 65.11528238439882, 339.6483475596488, 390.2255757891838, 368.27435425236985, 374.85597234137805, 205.0219500443794, 137.87313008704777, 432.89721643826726, 145.03103116229988, 440.45431091090484, 0.0, 269.675731203236, 617.6026230514245, 428.92423573400464, 469.9202059924642, 237.92435772740882, 264.1685068285014, 342.4456161202827, 550.6813960903346, 229.78685776170926, 99.85990186255943, 325.9831283977746, 281.78892810044897, 328.12345237730267, 466.5886839605093, 452.29415207362564, 368.9891597323694, 304.13977050034083, 70.21395872616783, 309.9193443462347], [139.31259813814398, 172.58621034138272, 148.03040228277433, 236.48467180770933, 70.25667228100119, 203.22647465327935, 352.56346946330103, 463.85558097321626, 365.60771326655566, 151.6047492659778, 525.9515186782903, 130.034610777285, 504.38576506479643, 269.675731203236, 0.0, 496.4050765252104, 480.54240187521435, 277.2183255125822, 123.664869708418, 102.17631819555841, 127.88275880665071, 398.7793876318083, 398.11681702736445, 249.95399576722113, 284.2885857715712, 143.0034964607509, 254.12595302329905, 230.8679276123039, 217.45114393812693, 251.43189932862538, 251.44780770569466, 270.60118255469615, 282.21445746098834], [451.33801080786446, 459.6389887727106, 511.0978379919054, 552.5223977360556, 477.88073826008093, 295.71100757327247, 273.5415873317986, 403.43524883182926, 505.3998417095122, 501.51171471860954, 418.8711018917395, 564.6459067415614, 364.8575064323057, 617.6026230514245, 496.4050765252104, 0.0, 342.0716299256634, 239.64139876073165, 412.09828924663105, 408.5119337302155, 371.48889620014216, 108.04165863221463, 517.150848399188, 522.6442384643688, 293.87412271242937, 370.00540536592166, 290.03792855418067, 331.074009852782, 334.6595284763307, 258.40278636268613, 313.4645115479582, 559.2003218883194, 311.4883625434504], [355.6754138255834, 335.5964838909967, 393.06233602318093, 374.2191871083042, 510.7220379032023, 375.9414848084739, 142.27438279606065, 72.67048919609665, 239.06902768865731, 382.1060062338722, 78.587530817554, 463.0874647407334, 28.42534080710379, 428.92423573400464, 480.54240187521435, 342.0716299256634, 0.0, 398.2725197650473, 356.8865365911132, 381.90705675595996, 413.48397792417546, 357.97485945244813, 231.91808898833224, 333.8562564937192, 205.65261972559455, 346.5385981387932, 244.12496799794977, 475.8875917693169, 468.3182678478387, 282.78083386255156, 235.23817717368922, 358.7115833089308, 201.77710474679728], [283.9330907097656, 307.46707140765494, 340.812265037513, 410.2499238269277, 244.6752950340512, 81.12336284942828, 261.87974339379514, 426.0187789288167, 438.82684512231015, 334.3560975965595, 471.51352048483193, 374.8986529717065, 426.69075452838206, 469.9202059924642, 277.2183255125822, 239.64139876073165, 398.2725197650473, 0.0, 233.13729860320507, 213.37759957408838, 150.0133327407934, 132.38202294873727, 463.4403953045095, 394.40715003660875, 221.38202275704322, 188.30825791770258, 187.1095935541521, 95.34149149242423, 96.25487000666512, 131.93938001976514, 212.73457640919588, 430.3080292069856, 237.24459951703852], [51.97114584074513, 82.29823813423954, 107.82393055347222, 181.59295140505867, 163.783393541592, 152.64337522473747, 231.36551169091732, 341.82597911803015, 263.4274093559742, 101.23734488813898, 403.39558748206457, 152.6106156202772, 380.7571404451924, 237.92435772740882, 123.664869708418, 412.09828924663105, 356.8865365911132, 233.13729860320507, 0.0, 34.88552708502482, 110.76551810017412, 328.17373447611556, 294.838939083697, 174.73408368146153, 164.00304875214974, 45.48626166217664, 139.05754204644924, 233.03433223454437, 219.00228309312212, 153.93829932800998, 131.01526628603247, 207.0024154448445, 159.90622251807463], [82.21921916437786, 115.31695452100702, 130.77079184588584, 211.15160430363773, 132.06059215375342, 132.30646242719968, 250.88842141477951, 371.13070473891, 298.23648334836565, 126.30122723077555, 431.9317075649807, 162.48384535085327, 406.69521757699584, 264.1685068285014, 102.17631819555841, 408.5119337302155, 381.90705675595996, 213.37759957408838, 34.88552708502482, 0.0, 79.05694150420949, 318.56710439089596, 329.56486463213884, 207.4825293850063, 182.4828759089466, 41.593268686170845, 152.0131573252789, 202.98768435548004, 188.76705220985997, 154.38264151127873, 149.83324063771698, 238.47222060441337, 181.46349495146399], [161.02794788483146, 193.03885619221847, 208.4922060893404, 290.2085457046363, 111.04053313993049, 76.05918747922567, 273.2489707208428, 415.4274906647368, 367.0490430446591, 204.78769494283586, 472.83083655785396, 229.94129685639334, 440.3237445334966, 342.4456161202827, 127.88275880665071, 371.48889620014216, 413.48397792417546, 150.0133327407934, 110.76551810017412, 79.05694150420949, 0.0, 271.53084539329967, 397.1460688462118, 285.4767941532201, 207.87015177749788, 81.41252974819048, 169.59363195591985, 124.16923934694937, 109.89540481748998, 144.3606594609487, 180.0, 317.2270480271189, 213.80598681982693], [372.9785516621566, 387.5061289837878, 433.021939397994, 486.7134680692532, 374.30068127108717, 195.616972678753, 250.0319979522621, 405.80413994931104, 470.6846077789245, 424.48674890978634, 436.4057744805859, 479.5873226014216, 384.72067789501517, 550.6813960903346, 398.7793876318083, 108.04165863221463, 357.97485945244813, 132.38202294873727, 328.17373447611556, 318.56710439089596, 271.53084539329967, 0.0, 488.4792728458394, 461.99783549276503, 244.2642012248213, 283.5577542582816, 227.03523955544875, 223.03587155433092, 226.71568097509268, 181.69479904499192, 253.85231927244627, 499.11922423405014, 262.94486114012574], [260.10959228755866, 225.7011298155151, 260.8601157708859, 196.7587355112855, 454.4678206430022, 402.92182864669917, 244.24577785501228, 163.783393541592, 32.55764119219941, 253.21334877924585, 212.51352898109803, 321.30981933330327, 233.94443784796422, 229.78685776170926, 398.11681702736445, 517.150848399188, 231.91808898833224, 463.4403953045095, 294.838939083697, 329.56486463213884, 397.1460688462118, 488.4792728458394, 0.0, 162.33915116200404, 248.0181444975347, 315.7863201596928, 277.1299334247385, 505.023761817204, 492.7027501445471, 332.54323027239633, 250.80071770232237, 166.86521506892922, 230.00869548780108], [125.7179382586272, 92.43916918709297, 103.58571330062848, 40.44749683231337, 313.9442625690108, 318.5215848258953, 268.6000744601535, 285.25251970841555, 131.30879635424276, 98.4733466477097, 346.0231206147936, 159.15401345866212, 347.6147292621531, 99.85990186255943, 249.95399576722113, 522.6442384643688, 333.8562564937192, 394.40715003660875, 174.73408368146153, 207.4825293850063, 285.4767941532201, 461.99783549276503, 162.33915116200404, 0.0, 229.19205919926634, 212.19095173922943, 235.8156059297179, 407.17686574755203, 393.2861553627333, 281.6611439300778, 210.24033866030564, 37.12142238654117, 212.3628969476542], [181.60396471443016, 177.5894140989265, 235.4591259645716, 260.969346858975, 306.88760157425713, 177.6091213873882, 68.4470598345904, 212.92721761202816, 227.6071176391459, 224.61522655421203, 266.9175902783479, 300.1016494456503, 232.46720198772127, 325.9831283977746, 284.2885857715712, 293.87412271242937, 205.65261972559455, 221.38202275704322, 164.00304875214974, 182.4828759089466, 207.87015177749788, 244.2642012248213, 248.0181444975347, 229.19205919926634, 0.0, 143.8401890988746, 39.59797974644666, 281.82263926093657, 272.2002939013843, 90.07774419910837, 33.015148038438355, 265.4976459405996, 18.681541692269406], [95.63472172804185, 121.3424904969401, 153.18289721767243, 223.4390297150433, 164.20109622045769, 108.52188719332152, 212.2192262732102, 340.84600628436294, 285.8548582760139, 146.23952953972466, 400.2811511925087, 196.1555505204989, 372.1142297736006, 281.78892810044897, 143.0034964607509, 370.00540536592166, 346.5385981387932, 188.30825791770258, 45.48626166217664, 41.593268686170845, 81.41252974819048, 283.5577542582816, 315.7863201596928, 212.19095173922943, 143.8401890988746, 0.0, 111.36426715962351, 196.12750954417385, 182.58422713914803, 113.718951806636, 111.94641575325224, 246.37572932413616, 144.8481963988506], [166.48123017325406, 170.182255244194, 224.37691503361035, 263.2128416320146, 271.4479692316743, 138.45215780189199, 103.87011119662864, 252.40047543536838, 254.0019684963091, 214.1494805036893, 306.4718584144391, 284.48725806264156, 271.26555254952666, 328.12345237730267, 254.12595302329905, 290.03792855418067, 244.12496799794977, 187.1095935541521, 139.05754204644924, 152.0131573252789, 169.59363195591985, 227.03523955544875, 277.1299334247385, 235.8156059297179, 39.59797974644666, 111.36426715962351, 0.0, 242.98148077579904, 233.0772404161333, 55.44366510251645, 27.459060435491963, 272.88275870783775, 51.42956348249516], [284.3448610402516, 315.0142853903613, 332.5793138485916, 413.94806437523056, 179.61069010501575, 104.80935072788114, 334.73123547108656, 494.2003642248759, 476.92032877620136, 328.95592409926286, 545.0550430919799, 349.14323708186015, 504.1676308530725, 466.5886839605093, 230.8679276123039, 331.074009852782, 475.8875917693169, 95.34149149242423, 233.03433223454437, 202.98768435548004, 124.16923934694937, 223.03587155433092, 505.023761817204, 407.17686574755203, 281.82263926093657, 196.12750954417385, 242.98148077579904, 0.0, 14.317821063276353, 194.48907424325924, 263.60955976595386, 440.028408173836, 294.15132160165456], [270.22398117117586, 301.0597947252339, 318.27660925679095, 399.78244083501215, 167.83622970026465, 94.62557793746889, 326.6863939621606, 484.9340161300298, 464.3619278106249, 314.6823795511913, 536.5910919871853, 335.0044775820168, 496.5178748041202, 452.29415207362564, 217.45114393812693, 334.6595284763307, 468.3182678478387, 96.25487000666512, 219.00228309312212, 188.76705220985997, 109.89540481748998, 226.71568097509268, 492.7027501445471, 393.2861553627333, 272.2002939013843, 182.58422713914803, 233.0772404161333, 14.317821063276353, 0.0, 186.03494295427404, 252.96047122030745, 426.00469480981076, 284.0070421662111], [193.7679023987203, 206.00970850908945, 253.85231927244627, 305.1311193569086, 254.043303395307, 93.23625904121208, 140.75865870347016, 300.1666203960727, 309.1035425225664, 244.72433471152803, 350.6180257773408, 306.31519714176767, 310.84562084739105, 368.9891597323694, 251.43189932862538, 258.40278636268613, 282.78083386255156, 131.93938001976514, 153.93829932800998, 154.38264151127873, 144.3606594609487, 181.69479904499192, 332.54323027239633, 281.6611439300778, 90.07774419910837, 113.718951806636, 55.44366510251645, 194.48907424325924, 186.03494295427404, 0.0, 82.02438661763951, 318.71774346590746, 105.3612832116238], [150.63200191194434, 149.77316181479245, 206.23530250662714, 239.0585702291386, 275.77164466275354, 158.8238017426859, 101.11874208078342, 236.21176939348302, 227.07928130941406, 195.616972678753, 292.8497908484826, 269.3120866207085, 261.37520922994975, 304.13977050034083, 251.44780770569466, 313.4645115479582, 235.23817717368922, 212.73457640919588, 131.01526628603247, 149.83324063771698, 180.0, 253.85231927244627, 250.80071770232237, 210.24033866030564, 33.015148038438355, 111.94641575325224, 27.459060435491963, 263.60955976595386, 252.96047122030745, 82.02438661763951, 0.0, 247.19425559668656, 33.83784863137726], [156.259399717265, 125.25573839150046, 122.65398485169571, 35.4682957019364, 337.23137457834497, 353.62409420173844, 302.42354405700627, 305.3342430845253, 139.16896205691842, 120.48651376813922, 364.156559737704, 165.51737068960466, 370.4186820342624, 70.21395872616783, 270.60118255469615, 559.2003218883194, 358.7115833089308, 430.3080292069856, 207.0024154448445, 238.47222060441337, 317.2270480271189, 499.11922423405014, 166.86521506892922, 37.12142238654117, 265.4976459405996, 246.37572932413616, 272.88275870783775, 440.028408173836, 426.00469480981076, 318.71774346590746, 247.19425559668656, 0.0, 248.39484696748443], [172.38619434281853, 165.3148511174964, 224.01785643113362, 245.0673376849718, 308.97410894765926, 189.44656238633627, 72.11102550927978, 202.9507329378241, 209.16022566444127, 213.0187785149469, 259.09457732650446, 290.13100489261745, 227.705950734714, 309.9193443462347, 282.21445746098834, 311.4883625434504, 201.77710474679728, 237.24459951703852, 159.90622251807463, 181.46349495146399, 213.80598681982693, 262.94486114012574, 230.00869548780108, 212.3628969476542, 18.681541692269406, 144.8481963988506, 51.42956348249516, 294.15132160165456, 284.0070421662111, 105.3612832116238, 33.83784863137726, 248.39484696748443, 0.0]]
0世代
rank = 0, pop_id = 0, calclation_time:136.45368146896362[sec]
pop_index = 0, scores = 807.9811772374634, rank = 0
0世代評価 : [807.9811772374634, 819.1837206723194, 777.236050442422, 810.9170599511389, 813.0231601914048, 773.5988970498638, 813.8598135702778, 829.8556672996511, 766.59130623359, 735.3822645436262, 847.7631619017357, 797.0927066504441, 717.6035060811189, 745.115886530428, 775.2334962781613, 795.8969208075987, 775.6248302793618, 767.9506777572091, 783.2430155914145, 748.0250012494282, 786.2046872421936, 830.0794324749274, 778.8773301188926, 761.7423159187382, 785.6234040415055, 816.9764748308918, 804.4262667211166, 814.8342380882384, 811.6808890095734, 792.7061124767331, 811.9543592297471, 752.7934894789076, 879.866498681618, 759.9353335835889, 753.2415475156216, 799.4311199937306, 763.0065293608961, 751.9794265230998, 822.8436249639276, 799.5573775160705, 795.1434944299207, 764.1346853092998, 809.4781515993548, 820.8089864773791, 746.1461750037461, 762.7315787206925, 839.8005168513243, 810.7988334685607, 729.2807541941445, 774.7852351025399, 815.2645248180291, 769.2718402859064, 797.5387962693361, 776.184903874367, 771.8866843726645, 826.4620140190458, 813.6198989841581, 782.4544659904625, 786.0839597317644, 832.6804843044526, 778.4345796662107, 752.2230302404724, 737.2016232398305, 756.0541269719571, 734.9480133789351, 839.2413682923452, 794.6860298264806, 799.6948349911742, 776.5967175886213, 796.744787188537, 812.8086226096509, 741.5822777558705, 760.5380182132684, 724.8456294587413, 832.6924846637718, 753.6586187490877]
0世代, new best [1, 1, 0, 0, 1, 0, 1, 0, 1, 0, 1, 1, 1, 1, 1, 1, 0, 1, 0, 0, 1, 1, 1, 1, 1, 1, 0, 1, 1, 0, 1, 1, 0] = 807.9811772374634
拠点利用数 : 22
0世代, new best [0, 0, 1, 1, 0, 1, 1, 1, 1, 1, 0, 1, 0, 1, 0, 1, 0, 1, 1, 0, 1, 0, 1, 1, 0, 0, 0, 1, 0, 1, 1, 1, 1] = 777.236050442422
拠点利用数 : 20
0世代, new best [0, 1, 1, 1, 1, 1, 0, 1, 0, 1, 1, 0, 0, 0, 0, 1, 0, 0, 1, 1, 0, 0, 1, 0, 1, 0, 1, 1, 1, 1, 1, 1, 1] = 773.5988970498638
拠点利用数 : 20
0世代, new best [1, 1, 1, 1, 0, 1, 0, 1, 1, 1, 0, 1, 1, 0, 0, 0, 0, 0, 0, 1, 1, 1, 1, 1, 0, 0, 1, 1, 1, 0, 0, 1, 1] = 767.9506777572091
拠点利用数 : 20
0世代, new best [1, 0, 0, 0, 0, 0, 1, 1, 0, 1, 0, 1, 1, 1, 1, 1, 0, 0, 1, 1, 0, 1, 1, 1, 0, 1, 1, 1, 1, 1, 0, 1, 0] = 761.7423159187382
拠点利用数 : 20
0世代, new best [0, 1, 1, 1, 1, 0, 0, 1, 1, 1, 1, 1, 0, 1, 0, 1, 1, 0, 1, 1, 0, 1, 0, 1, 0, 0, 0, 1, 1, 1, 1, 0, 1] = 752.7934894789076
拠点利用数 : 21
1世代
rank = 0, pop_id = 0, calclation_time:93.01451086997986[sec]
pop_index = 0, scores = 663.0386967365333, rank = 0
1世代評価 : [663.0386967365333, 798.4327051515494, 752.2241710404617, 667.177702974132, 812.5793173374569, 780.0540652104296, 752.7821720754307, 764.5115168162241, 777.317525558833, 812.6948930506844, 704.0935717550176, 735.2840118485635, 797.2742828366961, 793.1053134175802, 782.105729873065, 712.8707364547587, 784.2006765673958, 806.9651920070047, 794.063340902276, 685.8851227172917, 830.470818634072, 761.7218260558951, 829.7483831375401, 783.0588087703075, 761.7444995807145, 742.8947261094593, 813.9603496447533, 829.4866851420477, 812.5581413106448, 765.9638278288811, 765.4429195106693, 820.1793189214007, 739.2024764552527, 794.5896359050063, 767.9171278908692, 755.698487080766, 762.3576568483543, 829.9245573334111, 793.9118556304936, 723.0312154467524, 796.3038627785717, 779.6416250497033, 716.9776054946362, 752.5112569814571, 732.1445165471157, 783.3070326492902, 769.6130463191637, 735.6415988855322, 768.453469208585, 807.269516246556, 765.2111837533104, 711.9545631733116, 809.9977917293074, 823.2028982774162, 809.6437224948604, 773.3240933960797, 812.5087038180276, 781.3378031423609, 848.700401386452, 754.8174576976323, 752.6314309621749, 829.7628403613, 779.1117222468946, 769.5044836870973, 748.2048528215015, 799.1230152828713, 771.681748899614, 798.388907548308, 755.3120522291764, 798.5410147598278, 791.665835737654, 813.6482087367535, 806.1992193483699, 735.0546528770294, 699.02794671648, 805.9682364850812]
1世代, new best [0, 1, 0, 1, 0, 1, 1, 1, 0, 1, 1, 0, 1, 1, 0, 0, 0, 0, 1, 1, 0, 0, 1, 0, 1, 1, 1, 1, 1, 1, 0, 1, 1] = 752.7821720754307
拠点利用数 : 20
1世代, new best [1, 0, 1, 1, 0, 0, 1, 0, 0, 0, 1, 0, 1, 0, 1, 1, 0, 1, 1, 1, 0, 1, 1, 1, 0, 1, 1, 0, 1, 0, 1, 1, 1] = 723.0312154467524
拠点利用数 : 20
2世代
rank = 0, pop_id = 0, calclation_time:104.83200693130493[sec]
pop_index = 0, scores = 737.5380500554159, rank = 0
2世代評価 : [737.5380500554159, 740.5748107356771, 740.3340504930331, 757.0547802491285, 810.3906189193162, 733.5851779722589, 832.3522760485222, 795.2430643738157, 687.01495550004, 734.7181028304044, 661.9588477807566, 812.9344474704803, 809.0634349318123, 789.6500417182117, 720.7370011282777, 825.3247822155283, 751.4511466556713, 793.9568756534436, 828.8079007131296, 813.1663268176961, 676.2648161465429, 812.799327698877, 803.0961032449331, 710.5554136957411, 761.614126635292, 719.4997836095872, 696.4833849699635, 825.8778499066078, 786.8357352296266, 834.9257639347269, 770.1772487097836, 822.4466797603507, 752.5873020136858, 742.1402039543109, 766.0936441478696, 842.8718303481096, 859.7508580274, 807.0221445951604, 741.783000994297, 795.0334796931828, 693.9189784711339, 811.011930456263, 762.4916083932626, 741.6195678946256, 741.1947991230123, 784.4152805689698, 826.7601716689264, 805.2925142875351, 714.7459077281603, 757.7591694181149, 752.4850131235191, 835.1102093864407, 739.027480847855, 789.8189870780626, 724.73369059214, 702.3797134840243, 778.3843354359835, 686.1673310084619, 842.4369055918095, 719.6430110352264, 828.6962073031575, 811.8387045393443, 783.1210133048058, 779.097266934161, 810.1727668670218, 828.7511890002389, 731.7844564830648, 746.3452818225946, 801.0345724737863, 818.7568775276925, 775.3892404266987, 813.3842295836191, 663.7278537874635, 713.2390313320805, 761.960924468317, 810.3902522481271]
3世代
rank = 0, pop_id = 0, calclation_time:117.67281651496887[sec]
pop_index = 0, scores = 769.4715290203774, rank = 0
3世代評価 : [769.4715290203774, 730.9448594336261, 792.666651472702, 815.6130230532257, 760.2893698670885, 716.58785675524, 722.2363062028122, 786.701430663876, 730.1703401668015, 752.6585590314156, 784.7505590526115, 739.5114876664813, 772.3391288133566, 797.7462528404774, 748.8878633291731, 763.8924456450226, 724.1917809114551, 811.0571253070008, 751.7301051301113, 776.8473413547518, 765.7773550408441, 789.486045180049, 738.4241370168403, 777.7859897208142, 742.854542691971, 730.7348635344106, 732.716999786611, 828.2825731010945, 734.2595750819949, 657.2030748287611, 748.6906686064654, 766.7823815388563, 831.9247889268534, 768.961768753568, 804.6584085475173, 736.2861291291247, 805.5925048716905, 770.3687264447226, 795.5778135380349, 751.7294578132575, 750.2603927453463, 815.3744626898988, 740.7457330636943, 738.0647013676055, 798.3208586285388, 782.5642576170349, 807.2619599489944, 816.5995415564641, 765.734568202993, 759.7778163298884, 733.2667472308175, 757.2302186784411, 824.8610686564979, 799.2059382160263, 759.7200042818057, 717.9863580465167, 821.3206235537667, 769.3692957861454, 752.1211601632631, 779.7374224851635, 772.8732957666098, 763.0152302120988, 899.2403788182319, 802.1086501098125, 727.1488832663665, 855.7513403741601, 826.5103029935082, 761.6526276815647, 795.5762856910417, 792.5220739286083, 756.219068524789, 829.5318322849013, 779.8899295627857, 760.633179811264, 780.2005294365026, 777.2208307005973]
4世代
rank = 0, pop_id = 0, calclation_time:157.51666903495789[sec]
pop_index = 0, scores = 855.1061210945076, rank = 0
4世代評価 : [855.1061210945076, 770.0598763854141, 798.4690876955765, 777.433356866484, 662.2870205958677, 740.4018778191729, 784.5268126263211, 734.8022228464802, 753.5043237526048, 799.4356250423327, 846.7739335579873, 780.3704487633396, 731.4196057575123, 814.1906752020872, 827.3999190627459, 724.900384093981, 696.6412907343454, 780.0495926541076, 783.8354668494696, 777.17548327111, 757.577551447836, 732.532066839564, 634.7982421143613, 749.320280444737, 738.2098952403189, 744.1237269856471, 792.7830783362456, 753.264690567366, 780.775032553526, 690.6514754201042, 743.3925575509064, 759.9190599030152, 714.295522782144, 702.6767738666883, 780.5713983134807, 800.3144314334653, 750.2994646117803, 795.7409757349845, 738.7408121803376, 800.7045018671071, 759.1590158523699, 800.2308506148902, 763.9306601230847, 724.3370282956315, 820.9092809131041, 736.5284218486975, 782.2624391162162, 866.67429949192, 813.4241962755267, 762.1637289304945, 775.5728517223641, 777.8804824137079, 714.8835726086455, 748.6268853072171, 737.8688905755096, 686.44830605519, 797.104671376896, 808.4738906647358, 787.708442231459, 768.4245791410184, 773.8824265234671, 679.7000577486799, 837.1331448623457, 784.722777353732, 813.6578792478667, 787.4745329661575, 763.3196808461959, 776.1619915612239, 773.8828625959337, 775.0181807323625, 754.7569452328732, 814.1073767313171, 794.2961504307276, 763.8659985664606, 743.6528487514237, 757.9405906996461]
5世代
rank = 0, pop_id = 0, calclation_time:130.90265369415283[sec]
pop_index = 0, scores = 800.1046336730421, rank = 0
5世代評価 : [800.1046336730421, 783.3960942664278, 828.6182161908597, 778.8148360579181, 794.3578813658984, 824.8108847629171, 789.9237372256332, 858.5671089035737, 812.7113016943974, 784.6179406199359, 781.935112574592, 783.0180759273496, 736.5439575338878, 752.5809357163546, 693.8791714650646, 763.3712045838536, 753.5626219684644, 651.0730508153347, 697.5605946418286, 739.0156337674524, 833.3721270869453, 826.0180583748254, 829.6637598653246, 721.5302853433078, 803.616655739245, 833.1346571632724, 772.099447872276, 796.5993186663954, 787.7601463688424, 809.050368646425, 728.0924036846432, 693.4669217161696, 759.4028277339247, 796.8699419769483, 755.9755848270858, 814.5825816564385, 766.0607814457187, 798.2019757440008, 712.6805064597315, 729.6056707692721, 762.0784477437063, 825.9041842115566, 796.4498911075436, 753.6345426532231, 730.2382384794155, 780.559097909645, 674.9232010449425, 774.0551854357321, 730.8921728379823, 811.9895065811568, 746.9305148634758, 754.7991594197798, 831.7015846974632, 821.8144673033421, 793.9987856514902, 843.3608539072619, 754.4158519084303, 781.6340547547053, 826.1727102809419, 798.5002777161799, 786.558009249694, 740.8830488456686, 879.1466628744827, 721.6816441869971, 812.6782478915886, 681.9844127856223, 881.5179246870421, 761.7604861103125, 751.9726435950777, 797.6445763249283, 773.6826337895113, 747.8559516049947, 813.7701742246646, 774.3974029218774, 769.6530656970842, 756.4461870061948]
6世代
rank = 0, pop_id = 0, calclation_time:137.99006628990173[sec]
pop_index = 0, scores = 776.8475630330258, rank = 0
6世代評価 : [776.8475630330258, 804.1075446330739, 773.6562982108447, 743.2634273672961, 623.2702567651716, 782.1677519629351, 766.6541906577484, 786.1478450213838, 780.4273804389265, 796.8957337684229, 762.6876675051711, 777.1689847403397, 718.0266520875255, 822.0193281872956, 685.8278941651926, 673.3462642979072, 675.5913820521602, 661.587293555834, 773.1227585224639, 813.6347857635458, 752.7607374014007, 796.7756146439071, 794.9617648018204, 745.7156024111216, 823.5560770415418, 748.2652687589343, 846.7053606829026, 765.5413866692624, 691.7145037076959, 799.0363421267012, 772.6649317934375, 843.1192384000622, 775.9678617313846, 761.6743876194103, 795.7266515912454, 794.3894285954816, 750.1894304995643, 756.7707822369105, 738.0184711003844, 829.6797824904669, 829.5425349846197, 784.9933631634622, 784.4411130476902, 775.1199077783283, 798.3108993418334, 715.334827911594, 744.7725459392972, 740.0521672856465, 829.0085478710654, 775.7797757002458, 780.5231836069462, 819.0979109629216, 708.3426107208403, 773.9699722956332, 732.7902117602371, 798.560807575448, 852.5502369002489, 735.7302758702225, 686.158349818842, 747.5902490105434, 798.4758172816687, 782.8551691943671, 830.1593802472275, 748.030422414774, 763.5594729837226, 765.809491342978, 799.3994949607132, 741.4877094530514, 774.5773810614952, 798.7226557949976, 650.999755883583, 807.4770114664964, 724.7386603976796, 753.4406674558625, 744.5841412803903, 814.8205908346389]
7世代
rank = 0, pop_id = 0, calclation_time:111.75267434120178[sec]
pop_index = 0, scores = 755.130024493698, rank = 0
7世代評価 : [755.130024493698, 816.4795038667453, 764.1468013325127, 814.7982299071975, 817.8748837446268, 802.7091646883574, 737.4556123150159, 733.494982906334, 874.0395113283793, 825.8323099595798, 774.5678949386001, 741.4222009070247, 722.6657723684642, 805.3473178224951, 712.8073509549968, 710.4752657728211, 751.205553871803, 766.5898141305911, 757.2741861681071, 740.6595948244092, 789.5250544832178, 709.2507845949568, 812.2535131051407, 738.6439639974569, 837.8659305499432, 726.1850593105968, 794.7706351165239, 830.3438010545093, 786.4981059548908, 782.1834016039437, 782.9145734430255, 795.7340516446449, 741.751744256927, 780.6376811901907, 760.7103202193266, 796.5503688669215, 778.3573488873744, 815.439686324616, 760.7913341136872, 730.8127153161234, 689.1973520434321, 768.5173006186235, 715.6754957797906, 788.452693895484, 775.3437214743744, 647.1102610095902, 808.3808672338438, 828.3281052915625, 829.0179475957756, 776.5423380047056, 782.9781310086895, 775.2690903769726, 757.323879458926, 773.2315479539875, 812.0472072291403, 739.4695625702416, 795.1835812258388, 770.4644787637171, 739.1213131876614, 734.628907000171, 760.5797453040955, 787.4579565005705, 856.8323924093702, 850.0871816842167, 757.4541067496111, 708.2059332461167, 815.1768507153101, 773.7023884945296, 649.6503294634696, 763.5797200101651, 791.8860886141509, 744.2705135508023, 781.2212429438472, 740.054665189666, 788.3368979616807, 760.552149006679]
8世代
rank = 0, pop_id = 0, calclation_time:111.88518500328064[sec]
pop_index = 0, scores = 737.7936162503815, rank = 0
8世代評価 : [737.7936162503815, 651.5482785808944, 815.7635595398767, 751.8324477030852, 688.7401045548111, 757.2682771450759, 741.110145897791, 813.5688612345627, 690.6835407244856, 721.3492962969794, 724.516949011645, 759.501041374602, 793.6979109890555, 817.3722730547955, 749.613814491486, 767.863281284963, 782.7112330411611, 693.0392945795867, 765.2044371930193, 738.0116375415257, 783.4548891016894, 766.6957655100332, 773.2745277588067, 783.4829315836914, 780.1291110731858, 779.9666584404875, 760.8053743266313, 709.3248706558538, 786.7866472618425, 809.4067995319634, 648.0697634013084, 742.2837539121376, 833.944722407765, 764.1572993499693, 755.2682965051804, 738.0252064216938, 784.3461665674336, 762.1364735037826, 762.5501438364886, 861.2885588661272, 731.1341094744623, 793.6640938152624, 817.0094028660925, 815.1487089057091, 763.0447676152852, 692.7544775629603, 813.4601396053226, 783.0686969919761, 760.886797577443, 767.9445851231305, 735.8912111805496, 710.3212551056554, 766.3082215715764, 774.846373645178, 667.982845756967, 796.1384189274679, 786.0171949294828, 773.7471369541663, 829.669162787574, 765.2327685144483, 820.1180949863945, 794.2008174387837, 698.1734997482865, 835.0917781873924, 817.2595210873575, 796.3009015196403, 816.3240739614905, 755.7053257689652, 774.45365148592, 760.455137133123, 814.860791476602, 776.8437104947186, 819.26959081704, 769.4290564000131, 763.3262633540559, 762.8170059851084]
9世代
rank = 0, pop_id = 0, calclation_time:157.94158554077148[sec]
pop_index = 0, scores = 814.994796477643, rank = 0
9世代評価 : [814.994796477643, 885.3107600703919, 679.0999310307104, 779.1080794383329, 768.8477337347144, 810.4268438764841, 786.5996946026816, 759.0455650183721, 689.9311313591562, 779.4441535965028, 815.6562126337394, 765.9806837537897, 705.5032758981412, 717.4469706818024, 781.207404674775, 768.3022291364903, 751.0323068169603, 736.0606186655929, 830.5268569916107, 734.8001341732523, 808.7706503070992, 733.837671480275, 764.8447187033079, 777.0526912827141, 742.47617394534, 846.7203647276273, 826.3162387190163, 793.8438251612952, 748.2765007781745, 813.9595127860205, 814.130238276793, 685.9584472554176, 730.5012713133899, 795.1143130143711, 747.1008890537212, 798.1589480734688, 769.5241690527366, 736.0692872551398, 767.3826427408626, 769.8156734163974, 763.2736371914651, 838.561405034778, 813.5672983621298, 763.5888434842831, 826.7558825643324, 796.9223256081627, 692.259158581316, 765.4998069010749, 848.5275783285317, 741.8492857177771, 752.9037768411229, 735.4482230877836, 795.5388725740594, 811.3027644696455, 815.3570578738478, 744.7032115401261, 737.1653406915417, 797.5828938279568, 806.1416443855561, 852.6341487361979, 760.9118330919603, 728.4170481349414, 745.2658541374245, 751.1201157926508, 788.3909177398702, 784.5678789171614, 831.8330343351763, 811.8686484782531, 812.8070444631071, 826.2522443996181, 735.8538852256207, 764.4419266454541, 794.1130823445313, 749.6683881178851, 727.4892407479956, 699.2540127932032]
10世代
rank = 0, pop_id = 0, calclation_time:144.29474687576294[sec]
pop_index = 0, scores = 829.700817586724, rank = 0
10世代評価 : [829.700817586724, 677.5986312069377, 821.7538558232684, 798.1380743222416, 793.7341534606737, 668.523215113991, 837.6479330356377, 779.2040081526258, 697.9207081928698, 806.7214208326333, 796.3788057101037, 776.9384787943034, 673.169679469604, 798.0656353881511, 770.6854143685516, 771.6423337983146, 815.9574647513322, 734.3792929251387, 708.2848992650169, 729.5969708294742, 738.1971673293826, 833.8905517966739, 808.1714689940941, 753.474626458448, 792.2574355547788, 708.4260681217576, 781.7664561266539, 823.2904131866899, 780.6611247748808, 724.1645566169623, 744.6447400399189, 659.8830377669176, 771.4540775539434, 692.5124684592442, 815.7742927419183, 756.4937803834151, 850.1857605092029, 769.4224089676209, 762.7021490688635, 811.7112930012293, 824.0325048556963, 781.2211654614293, 673.72491879203, 750.5138146981392, 756.8395939544447, 747.2709429776638, 821.4256864262193, 787.2657352120522, 766.4898465395524, 812.8104838262934, 708.9699839195144, 690.3162959344405, 794.0989014829479, 849.9766163414481, 797.7099296744069, 824.0945159973937, 761.0431677781617, 736.6242138662028, 806.3173049593644, 767.3149005348064, 759.0044845913972, 819.7554792080218, 827.0152376547728, 783.3067366185423, 754.820853072999, 754.782256860862, 765.5844718371511, 764.6378098752276, 813.3490557212066, 825.2037072763933, 745.5698811151794, 766.1929640041536, 794.7990055582442, 789.4031870474748, 762.0431249259223, 812.0780982888356]
11世代
rank = 0, pop_id = 0, calclation_time:145.0166368484497[sec]
pop_index = 0, scores = 817.1550391217144, rank = 0
