Popularity : [[3, 2], [3, 3], [13, 3], [4, 15], [4, 4], [5, 16], [3, 1], [15, 6], [15, 5], [6, 3], [5, 4], [5, 15], [16, 2], [6, 1], [4, 17], [3, 9], [18, 8], [2, 5], [7, 6], [14, 15], [3, 7], [3, 7], [9, 17], [4, 7], [3, 4], [7, 2], [2, 10], [8, 1], [4, 4], [6, 5], [6, 4], [10, 4], [7, 8]]
Distance : [[0.0, 201.4671189052943, 250.12197024651792, 267.5911059807482, 271.1844390815963, 398.1783519981969, 285.4277491765648, 250.39169315294788, 203.06649157357302, 350.59520818174343, 416.91485941376567, 190.09471323527123, 397.81654063148255, 320.22023671217283, 153.4959282847594, 387.82728114458376, 229.83689869122406, 214.24518664371436, 258.0736329034797, 134.18271125595876, 92.45539465060976, 274.11676344215067, 70.0, 256.62813563598206, 370.54824247323046, 425.77576257931827, 426.2405424170723, 115.74541027617467, 334.51158425381925, 278.9587783167972, 151.5585695366646, 167.86303941010956, 325.4796460610095], [201.4671189052943, 0.0, 295.65182225043026, 68.11754546370561, 392.7390991485314, 532.5044600752185, 463.7973695483837, 80.05623023850174, 127.06297651164952, 278.1726082848561, 412.68510998096355, 61.0, 448.44732132102206, 233.22521304524517, 353.0580688781946, 525.449331524934, 336.07439652553126, 272.63528751795866, 304.39612349699854, 89.05054744357274, 191.68985366993215, 449.7743878879721, 234.241328548145, 439.6691938264495, 410.47411611452435, 396.8122981965151, 451.0277153346566, 118.06777714516353, 478.3607425364251, 466.0525721418132, 345.2491853719571, 87.09190547921202, 389.5125158451266], [250.12197024651792, 295.65182225043026, 0.0, 322.49341078539885, 138.7155362603627, 264.90941848111027, 281.40007107319644, 268.1734513332742, 176.70597047072292, 177.38658348364456, 170.4494059831245, 236.8902699563661, 157.20368952413298, 181.7470770053813, 286.53097563788805, 262.20030511042506, 90.35485598461214, 36.05551275463989, 9.0, 306.41801513618617, 160.0781059358212, 265.27155897306443, 191.47062437878037, 276.52305509667724, 123.76186811776881, 190.70920271449933, 176.7823520603796, 312.25950746134214, 230.31500168247834, 306.27601930285044, 356.6356684348889, 208.5976989326584, 93.86160024205851], [267.5911059807482, 68.11754546370561, 322.49341078539885, 0.0, 434.49741080931653, 573.8022307380828, 519.649882132191, 57.55866572463264, 145.79780519610026, 264.4617174564213, 414.53226653663523, 94.06912352095134, 466.76010969233437, 218.67327225795108, 417.2792829748441, 567.8952368174961, 376.61917104682817, 305.6174078811611, 330.6372634776667, 155.72411502397438, 245.86378342488754, 505.0, 294.0153057240388, 497.29367580937526, 427.2154023440634, 390.7377637239585, 460.81883642056124, 184.87833837418594, 523.6993412254783, 524.6989613101973, 413.0919994383818, 126.58988901172162, 414.9313196180785], [271.1844390815963, 392.7390991485314, 138.7155362603627, 434.49741080931653, 0.0, 139.8177385026664, 156.20499351813308, 385.77843381920667, 293.4910560817825, 314.350123270216, 257.2800031094527, 341.65626000411584, 173.21951391226105, 320.3903868720159, 226.101747007846, 133.4053971921676, 58.05170109479997, 135.80132547217644, 135.66502865514016, 374.4569401146145, 210.2974084481309, 141.4814475470194, 201.2486024796197, 161.9660458244258, 170.07351351694948, 295.9189078109069, 225.37524265100637, 369.6701232179847, 92.91393867445294, 188.2153022471871, 317.0757007403752, 309.58843647655834, 113.29607230614837], [398.1783519981969, 532.5044600752185, 264.90941848111027, 573.8022307380828, 139.8177385026664, 0.0, 172.1772342674838, 524.0553405891404, 431.3722290551398, 427.6037885706814, 325.2691193458119, 481.3003220443552, 212.33935103979195, 442.6612700474258, 312.40518561637225, 13.416407864998739, 197.27392123643713, 271.02951868754076, 259.26048676958084, 510.8512503655051, 347.76141246550054, 168.4339633209407, 330.13027731488063, 199.44924166313595, 234.95531490051465, 373.61611314288893, 270.04629232781554, 503.7509305202324, 66.03029607687671, 208.6336502101231, 407.3818847224309, 449.31948544437734, 197.0913493789111], [285.4277491765648, 463.7973695483837, 281.40007107319644, 519.649882132191, 156.20499351813308, 172.1772342674838, 0.0, 481.39900290715184, 396.6875344651001, 458.1178887579048, 413.35819817683546, 426.5969995206249, 322.001552791287, 455.7740668357514, 158.06960492137634, 158.76082640248507, 191.12822920751398, 264.85090145211893, 281.06404963993526, 416.2523273208211, 273.80467490530543, 16.278820596099706, 231.23364807051763, 32.38826948140329, 324.7845439672276, 451.8760892103055, 377.6373922163959, 400.8391198473522, 115.62439189029277, 37.53664875824692, 248.2438317461282, 394.6707488527621, 268.96096371034963], [250.39169315294788, 80.05623023850174, 268.1734513332742, 57.55866572463264, 385.77843381920667, 524.0553405891404, 481.39900290715184, 0.0, 92.80086206496145, 209.6687864227768, 357.23661626434654, 60.530983801686226, 409.89022920777217, 163.783393541592, 392.4245150344203, 518.8082497416555, 327.72702055216627, 253.80504329110562, 276.06158733152284, 163.68567438844488, 210.38060747131613, 466.1888029543395, 263.73471519691907, 461.2352978686692, 370.20264720825537, 334.534004250689, 403.27286048034523, 191.31387822110554, 476.589970519733, 489.70399222387397, 401.00124688085447, 88.60022573334675, 359.6400978756401], [203.06649157357302, 127.06297651164952, 176.70597047072292, 145.79780519610026, 293.4910560817825, 431.3722290551398, 396.6875344651001, 92.80086206496145, 0.0, 164.80594649465777, 286.2481440987871, 66.12110101926616, 324.0030864050526, 125.2078272313676, 325.61480310329875, 426.27925119573905, 235.47611343828487, 161.01242188104618, 184.89456454963732, 172.03778654702577, 136.5283853270081, 381.0301825315155, 194.25756098540927, 379.0118731649445, 285.2402496142506, 273.5415873317986, 324.1249758966439, 191.31387822110554, 384.87660360172583, 408.37482782365515, 352.63862522418043, 50.774009099144415, 269.45314991664134], [350.59520818174343, 278.1726082848561, 177.38658348364456, 264.4617174564213, 314.350123270216, 427.6037885706814, 458.1178887579048, 209.6687864227768, 164.80594649465777, 0.0, 162.3360711610331, 222.76669409945464, 249.96999819978396, 45.89117562233506, 439.2561894839958, 427.57572428752314, 267.5705514439136, 195.00256408570633, 179.07819521091898, 336.46693745448454, 264.304748349325, 441.906098622773, 317.9260920402728, 451.159616987159, 211.42611002428248, 128.56126943990557, 221.65288177689007, 356.08987629529713, 403.21830315599516, 481.2660386937769, 489.53140859397365, 215.41819793137256, 231.52537657889687], [416.91485941376567, 412.68510998096355, 170.4494059831245, 414.53226653663523, 257.2800031094527, 325.2691193458119, 413.35819817683546, 357.23661626434654, 286.2481440987871, 162.3360711610331, 0.0, 352.15053599277684, 115.13470371699404, 202.76340892774513, 452.31957729021633, 329.75748664738455, 237.67414667986083, 206.0412580043133, 164.07315441594946, 449.4407636162968, 324.7799254880141, 398.76057979695037, 361.52178357603844, 418.1339498294775, 92.02173656261873, 51.0, 66.21933252457322, 461.72827507095553, 324.6166970443757, 445.2774416024239, 526.5738314804487, 333.430652460148, 144.5856147754679], [190.09471323527123, 61.0, 236.8902699563661, 94.06912352095134, 341.65626000411584, 481.3003220443552, 426.5969995206249, 60.530983801686226, 66.12110101926616, 222.76669409945464, 352.15053599277684, 0.0, 388.146879415512, 179.24564150907548, 332.32062830946865, 475.02631506054485, 284.0369694247564, 216.09488656606385, 245.4913440429214, 118.1905241548577, 153.32318807016765, 411.7523527558768, 204.63626267111115, 405.0802389650722, 349.90570158258356, 337.7706322343611, 390.03204996512784, 142.63590010933433, 430.08138764657093, 433.01039248498415, 341.07183993991646, 32.526911934581186, 330.6433123473088], [397.81654063148255, 448.44732132102206, 157.20368952413298, 466.76010969233437, 173.21951391226105, 212.33935103979195, 322.001552791287, 409.89022920777217, 324.0030864050526, 249.96999819978396, 115.13470371699404, 388.146879415512, 0.0, 279.8660393831306, 393.41199778349414, 218.0, 178.33956375409244, 189.08463713374496, 148.21605850919124, 463.62161295608297, 312.70753108935514, 309.118100408242, 332.2318467576521, 333.0645583066442, 40.24922359499622, 165.4962235218677, 58.42088667591412, 469.00426437293726, 220.70795182774907, 357.0658202628753, 478.94049734805265, 362.2154055254967, 72.91776189653656], [320.22023671217283, 233.22521304524517, 181.7470770053813, 218.67327225795108, 320.3903868720159, 442.6612700474258, 455.7740668357514, 163.783393541592, 125.2078272313676, 45.89117562233506, 202.76340892774513, 179.24564150907548, 279.8660393831306, 0.0, 421.2030389254095, 441.29015398034886, 268.81220210399675, 191.1334612253961, 185.59364213248256, 294.8694626440656, 238.75719884434898, 439.49630260105715, 294.95931922894044, 445.66018444550326, 240.05207768315609, 173.02600960549256, 258.15499220429575, 315.8259014077218, 411.9623769229418, 475.9254143245557, 464.08727627462486, 174.82848738120455, 250.89041432466087], [153.4959282847594, 353.0580688781946, 286.53097563788805, 417.2792829748441, 226.101747007846, 312.40518561637225, 158.06960492137634, 392.4245150344203, 325.61480310329875, 439.2561894839958, 452.31957729021633, 332.32062830946865, 393.41199778349414, 421.2030389254095, 0.0, 299.68149759369527, 217.95412361320444, 254.95097567963924, 291.03436223236594, 286.9006796785257, 189.16923639957952, 152.73833834371774, 131.38112497615478, 125.7179382586272, 379.8644495079791, 477.1687332590014, 438.4883122729727, 265.68025895801895, 246.95141222515818, 138.7984149765407, 95.12623192369179, 304.58660508958695, 323.86725675807367], [387.82728114458376, 525.449331524934, 262.20030511042506, 567.8952368174961, 133.4053971921676, 13.416407864998739, 158.76082640248507, 518.8082497416555, 426.27925119573905, 427.57572428752314, 329.75748664738455, 475.02631506054485, 218.0, 441.29015398034886, 299.68149759369527, 0.0, 191.31387822110554, 266.58769664033633, 256.9124364447934, 502.00099601494816, 339.44955442598535, 155.08062419270823, 320.2030605725061, 186.09674903124989, 238.72997298202839, 377.48244992317194, 276.08875384557047, 494.34906695572914, 54.147945482723536, 195.2331938989884, 394.58839313897715, 442.90405281505383, 198.3053201505194], [229.83689869122406, 336.07439652553126, 90.35485598461214, 376.61917104682817, 58.05170109479997, 197.27392123643713, 191.12822920751398, 327.72702055216627, 235.47611343828487, 267.5705514439136, 237.67414667986083, 284.0369694247564, 178.33956375409244, 268.81220210399675, 217.95412361320444, 191.31387822110554, 0.0, 79.64923100695951, 90.00555538409837, 322.6019218789622, 158.67261893597143, 175.04570831642803, 160.63934760823702, 187.6725872363889, 161.94134740701648, 268.86799735186037, 220.61731573020282, 320.17807545177106, 149.93665329064805, 217.0184323968819, 300.8005984036601, 252.12100269513448, 106.66770832824712], [214.24518664371436, 272.63528751795866, 36.05551275463989, 305.6174078811611, 135.80132547217644, 271.02951868754076, 264.85090145211893, 253.80504329110562, 161.01242188104618, 195.00256408570633, 206.0412580043133, 216.09488656606385, 189.08463713374496, 191.1334612253961, 254.95097567963924, 266.58769664033633, 79.64923100695951, 0.0, 43.829214001622255, 276.02898398537786, 124.91997438360288, 248.57393266390585, 155.56670594957006, 256.3298656028985, 157.851195750935, 223.8972978845435, 212.20744567521658, 280.1178323491741, 228.65913495856665, 286.50479926172267, 322.03881753602315, 185.88437266214714, 121.03718436910205], [258.0736329034797, 304.39612349699854, 9.0, 330.6372634776667, 135.66502865514016, 259.26048676958084, 281.06404963993526, 276.06158733152284, 184.89456454963732, 179.07819521091898, 164.07315441594946, 245.4913440429214, 148.21605850919124, 185.59364213248256, 291.03436223236594, 256.9124364447934, 90.00555538409837, 43.829214001622255, 0.0, 315.40608744918035, 168.4339633209407, 265.01698058803703, 198.600100704909, 277.22193275424655, 114.97825881443848, 186.19613314996636, 168.46661390317072, 321.1681802420657, 226.43321311150447, 306.78983033992506, 362.579646422686, 217.3660507070964, 85.16454661418682], [134.18271125595876, 89.05054744357274, 306.41801513618617, 155.72411502397438, 374.4569401146145, 510.8512503655051, 416.2523273208211, 163.68567438844488, 172.03778654702577, 336.46693745448454, 449.4407636162968, 118.1905241548577, 463.62161295608297, 294.8694626440656, 286.9006796785257, 502.00099601494816, 322.6019218789622, 276.02898398537786, 315.40608744918035, 0.0, 164.28329190760695, 403.8873605350878, 186.93581786270923, 388.7428455933305, 429.0606017802147, 442.7934055516184, 477.099570320494, 29.154759474226502, 450.9778265059159, 412.24871133819204, 264.2820463065927, 121.26417442921878, 397.06170805052454], [92.45539465060976, 191.68985366993215, 160.0781059358212, 245.86378342488754, 210.2974084481309, 347.76141246550054, 273.80467490530543, 210.38060747131613, 136.5283853270081, 264.304748349325, 324.7799254880141, 153.32318807016765, 312.70753108935514, 238.75719884434898, 189.16923639957952, 339.44955442598535, 158.67261893597143, 124.91997438360288, 168.4339633209407, 164.28329190760695, 0.0, 259.26048676958084, 58.034472514187634, 251.76576415390556, 282.71894170713074, 333.44414824674914, 336.857536653108, 161.7930777258409, 289.8723857148176, 279.7320146139873, 225.62358032794356, 122.09013064126027, 242.00206610688264], [274.11676344215067, 449.7743878879721, 265.27155897306443, 505.0, 141.4814475470194, 168.4339633209407, 16.278820596099706, 466.1888029543395, 381.0301825315155, 441.906098622773, 398.76057979695037, 411.7523527558768, 309.118100408242, 439.49630260105715, 152.73833834371774, 155.08062419270823, 175.04570831642803, 248.57393266390585, 265.01698058803703, 403.8873605350878, 259.26048676958084, 0.0, 218.08255317654368, 31.016124838541646, 310.7442678473732, 436.75279048908203, 364.2320688791694, 389.15421107833333, 108.45275469069469, 48.02082881417188, 245.05101509685693, 379.7288506289718, 254.568261965234], [70.0, 234.241328548145, 191.47062437878037, 294.0153057240388, 201.2486024796197, 330.13027731488063, 231.23364807051763, 263.73471519691907, 194.25756098540927, 317.9260920402728, 361.52178357603844, 204.63626267111115, 332.2318467576521, 294.95931922894044, 131.38112497615478, 320.2030605725061, 160.63934760823702, 155.56670594957006, 198.600100704909, 186.93581786270923, 58.034472514187634, 218.08255317654368, 0.0, 205.7619984350852, 307.3532169995948, 376.19808611953357, 364.44615514503647, 175.37673733993344, 267.54065111679756, 231.81458107720488, 172.30786401090347, 175.20844728494114, 259.4166532819356], [256.62813563598206, 439.6691938264495, 276.52305509667724, 497.29367580937526, 161.9660458244258, 199.44924166313595, 32.38826948140329, 461.2352978686692, 379.0118731649445, 451.159616987159, 418.1339498294775, 405.0802389650722, 333.0645583066442, 445.66018444550326, 125.7179382586272, 186.09674903124989, 187.6725872363889, 256.3298656028985, 277.22193275424655, 388.7428455933305, 251.76576415390556, 31.016124838541646, 205.7619984350852, 0.0, 332.03614261101154, 454.067175646952, 386.9431482789171, 372.3237838226293, 138.92443989449805, 30.265491900843113, 216.08331726442927, 373.5933618253943, 275.0872588834314], [370.54824247323046, 410.47411611452435, 123.76186811776881, 427.2154023440634, 170.07351351694948, 234.95531490051465, 324.7845439672276, 370.20264720825537, 285.2402496142506, 211.42611002428248, 92.02173656261873, 349.90570158258356, 40.24922359499622, 240.05207768315609, 379.8644495079791, 238.72997298202839, 161.94134740701648, 157.851195750935, 114.97825881443848, 429.0606017802147, 282.71894170713074, 310.7442678473732, 307.3532169995948, 332.03614261101154, 0.0, 138.75518008348374, 58.728187440104094, 435.82221145783745, 232.6972281742952, 358.0223456713282, 461.4455547515871, 324.7460546334628, 57.4543296888929], [425.77576257931827, 396.8122981965151, 190.70920271449933, 390.7377637239585, 295.9189078109069, 373.61611314288893, 451.8760892103055, 334.534004250689, 273.5415873317986, 128.56126943990557, 51.0, 337.7706322343611, 165.4962235218677, 173.02600960549256, 477.1687332590014, 377.48244992317194, 268.86799735186037, 223.8972978845435, 186.19613314996636, 442.7934055516184, 333.44414824674914, 436.75279048908203, 376.19808611953357, 454.067175646952, 138.75518008348374, 0.0, 116.76472069936193, 457.96069700357475, 369.02167957994016, 482.18772278024665, 545.6308275748356, 323.154761685481, 186.17196351760379], [426.2405424170723, 451.0277153346566, 176.7823520603796, 460.81883642056124, 225.37524265100637, 270.04629232781554, 377.6373922163959, 403.27286048034523, 324.1249758966439, 221.65288177689007, 66.21933252457322, 390.03204996512784, 58.42088667591412, 258.15499220429575, 438.4883122729727, 276.08875384557047, 220.61731573020282, 212.20744567521658, 168.46661390317072, 477.099570320494, 336.857536653108, 364.2320688791694, 364.44615514503647, 386.9431482789171, 58.728187440104094, 116.76472069936193, 0.0, 485.84977101980814, 278.7561658510893, 411.9623769229418, 520.1009517391792, 367.441151750862, 115.10864433221339], [115.74541027617467, 118.06777714516353, 312.25950746134214, 184.87833837418594, 369.6701232179847, 503.7509305202324, 400.8391198473522, 191.31387822110554, 191.31387822110554, 356.08987629529713, 461.72827507095553, 142.63590010933433, 469.00426437293726, 315.8259014077218, 265.68025895801895, 494.34906695572914, 320.17807545177106, 280.1178323491741, 321.1681802420657, 29.154759474226502, 161.7930777258409, 389.15421107833333, 175.37673733993344, 372.3237838226293, 435.82221145783745, 457.96069700357475, 485.84977101980814, 0.0, 442.3403666861075, 394.63527465243146, 237.48894711122873, 141.01418368376991, 400.60454315946043], [334.51158425381925, 478.3607425364251, 230.31500168247834, 523.6993412254783, 92.91393867445294, 66.03029607687671, 115.62439189029277, 476.589970519733, 384.87660360172583, 403.21830315599516, 324.6166970443757, 430.08138764657093, 220.70795182774907, 411.9623769229418, 246.95141222515818, 54.147945482723536, 149.93665329064805, 228.65913495856665, 226.43321311150447, 450.9778265059159, 289.8723857148176, 108.45275469069469, 267.54065111679756, 138.92443989449805, 232.6972281742952, 369.02167957994016, 278.7561658510893, 442.3403666861075, 0.0, 153.15351775261317, 342.0409332229112, 397.68329107469424, 183.3930205869351], [278.9587783167972, 466.0525721418132, 306.27601930285044, 524.6989613101973, 188.2153022471871, 208.6336502101231, 37.53664875824692, 489.70399222387397, 408.37482782365515, 481.2660386937769, 445.2774416024239, 433.01039248498415, 357.0658202628753, 475.9254143245557, 138.7984149765407, 195.2331938989884, 217.0184323968819, 286.50479926172267, 306.78983033992506, 412.24871133819204, 279.7320146139873, 48.02082881417188, 231.81458107720488, 30.265491900843113, 358.0223456713282, 482.18772278024665, 411.9623769229418, 394.63527465243146, 153.15351775261317, 0.0, 222.92599668948438, 401.7661011085928, 301.50456049618884], [151.5585695366646, 345.2491853719571, 356.6356684348889, 413.0919994383818, 317.0757007403752, 407.3818847224309, 248.2438317461282, 401.00124688085447, 352.63862522418043, 489.53140859397365, 526.5738314804487, 341.07183993991646, 478.94049734805265, 464.08727627462486, 95.12623192369179, 394.58839313897715, 300.8005984036601, 322.03881753602315, 362.579646422686, 264.2820463065927, 225.62358032794356, 245.05101509685693, 172.30786401090347, 216.08331726442927, 461.4455547515871, 545.6308275748356, 520.1009517391792, 237.48894711122873, 342.0409332229112, 222.92599668948438, 0.0, 319.41195970094793, 407.4125673073917], [167.86303941010956, 87.09190547921202, 208.5976989326584, 126.58988901172162, 309.58843647655834, 449.31948544437734, 394.6707488527621, 88.60022573334675, 50.774009099144415, 215.41819793137256, 333.430652460148, 32.526911934581186, 362.2154055254967, 174.82848738120455, 304.58660508958695, 442.90405281505383, 252.12100269513448, 185.88437266214714, 217.3660507070964, 121.26417442921878, 122.09013064126027, 379.7288506289718, 175.20844728494114, 373.5933618253943, 324.7460546334628, 323.154761685481, 367.441151750862, 141.01418368376991, 397.68329107469424, 401.7661011085928, 319.41195970094793, 0.0, 302.4516490284025], [325.4796460610095, 389.5125158451266, 93.86160024205851, 414.9313196180785, 113.29607230614837, 197.0913493789111, 268.96096371034963, 359.6400978756401, 269.45314991664134, 231.52537657889687, 144.5856147754679, 330.6433123473088, 72.91776189653656, 250.89041432466087, 323.86725675807367, 198.3053201505194, 106.66770832824712, 121.03718436910205, 85.16454661418682, 397.06170805052454, 242.00206610688264, 254.568261965234, 259.4166532819356, 275.0872588834314, 57.4543296888929, 186.17196351760379, 115.10864433221339, 400.60454315946043, 183.3930205869351, 301.50456049618884, 407.4125673073917, 302.4516490284025, 0.0]]
0世代
rank = 0, pop_id = 0, calclation_time:125.37030959129333[sec]
pop_index = 0, scores = 768.5481151689794, rank = 0
0世代評価 : [768.5481151689794, 744.7904261408053, 785.2764137477432, 751.4840228874018, 777.3588027275847, 787.3128107637637, 762.869413777326, 702.834147539079, 837.199214703802, 792.7227661450811, 754.6336628714396, 803.9477065873907, 746.9378513303317, 766.6685158243906, 766.9026151061901, 721.6732454570526, 793.7434466035344, 756.1912356028984, 788.5825072498636, 767.0762730852081, 792.1783272551961, 722.3879452156694, 768.3042192687913, 765.6719793457248, 773.090794752415, 809.6743714013633, 805.2978011494304, 753.3687630369471, 681.6000530299377, 739.8578948803867, 735.098191338468, 691.8731111464044, 723.8142546192471, 774.5495062781949, 745.8347576789872, 808.6923514286353, 771.5064567936724, 780.2597068890657, 756.3350621815434, 768.9956536048242, 752.11646055196, 749.9237419181632, 840.5909470052342, 680.7674776844972, 669.3593188035444, 802.1902860730238, 713.2152654883129, 822.9896617109334, 746.8207145688624, 773.3777919879145, 806.3352160558908, 759.4993171239089, 785.3696065156066, 741.1522450761299, 819.1947482285663, 786.0921098876684, 744.2998274423921, 819.7640965221783, 708.3714773168298, 734.9596033717082, 800.4651851478075, 692.1945102933132, 688.2147516778189, 786.9259197558013, 753.9738990506505, 790.5876307788599, 775.449872546973, 775.6403389804507, 725.2091285111022, 789.1021328777824, 780.4415854929078, 789.355743540559, 759.2485112619061, 765.8986751199214, 761.8257817993983, 782.0332891591092]
0世代, new best [1, 0, 1, 1, 0, 1, 1, 1, 0, 1, 1, 1, 1, 0, 0, 1, 1, 1, 0, 0, 1, 0, 1, 0, 1, 0, 1, 0, 1, 0, 1, 0, 1] = 768.5481151689794
拠点利用数 : 20
0世代, new best [0, 1, 0, 0, 1, 1, 1, 1, 1, 1, 1, 1, 1, 1, 1, 1, 1, 0, 1, 0, 1, 0, 1, 0, 1, 0, 1, 1, 0, 0, 0, 0, 1] = 751.4840228874018
拠点利用数 : 21
0世代, new best [0, 1, 0, 1, 0, 1, 0, 1, 0, 1, 1, 1, 1, 1, 0, 0, 1, 1, 1, 0, 1, 1, 0, 1, 1, 0, 0, 1, 1, 1, 1, 0, 0] = 721.6732454570526
拠点利用数 : 20
0世代, new best [0, 0, 1, 0, 1, 1, 1, 1, 1, 1, 0, 0, 1, 1, 0, 1, 1, 0, 1, 1, 1, 1, 0, 0, 1, 1, 0, 0, 1, 1, 1, 1, 0] = 708.3714773168298
拠点利用数 : 21
1世代
rank = 0, pop_id = 0, calclation_time:147.46538543701172[sec]
pop_index = 0, scores = 774.8268307034289, rank = 0
1世代評価 : [774.8268307034289, 710.5211141743116, 785.3653185073806, 683.1158511880008, 766.9897255199039, 805.9648099393563, 670.447588701954, 659.9325107349191, 760.2715058877102, 653.9830542009887, 772.9192265334511, 781.6815212814671, 783.5185105267826, 833.3120307381065, 739.1347131266571, 766.2251103155825, 802.8438614280693, 793.8485279492913, 757.4025720678519, 756.6268117659356, 706.2775510331604, 653.759680517808, 769.9307797642668, 663.770765421569, 763.1465162910004, 783.4299064181614, 673.2745388619713, 785.3681207655906, 764.5917669821074, 789.9335429157107, 794.1538381533161, 778.3827422186072, 745.0855420309811, 751.724522798967, 789.9051406490051, 740.5442140667069, 757.3780475074063, 688.2043614235617, 779.7579609132406, 670.3005516443428, 762.2765675591781, 731.3859191772458, 762.0236256344701, 776.2833884635991, 782.4494519919527, 647.8626652228295, 772.0557278440956, 672.487181288667, 737.4524338785361, 677.8956090413295, 729.8982033350889, 722.0323058984274, 761.6526398252545, 754.6021503137192, 782.0055113124034, 771.7901747656183, 747.1646974593216, 762.5275624757154, 775.529463627353, 674.3692738374684, 757.7464540584662, 782.0506201806166, 766.7953921601151, 735.9364362461843, 771.344421871504, 633.3983116582232, 788.8450805470569, 712.1823358981846, 763.8207462039557, 726.6986736563048, 747.2922977349917, 811.6470471015864, 798.9871963873516, 680.3300202072827, 798.625634775884, 768.1024084701368]
2世代
rank = 0, pop_id = 0, calclation_time:82.39370799064636[sec]
pop_index = 0, scores = 638.3662177005251, rank = 0
2世代評価 : [638.3662177005251, 757.6511207659805, 764.9854506245572, 777.6048085559535, 715.7331126039874, 714.2317317868153, 789.3017768498354, 747.3984899728191, 713.6539204386737, 748.403436405239, 603.1232079080752, 771.0077507152864, 779.7038894157895, 613.7741521788816, 784.4997760775132, 762.1870728543624, 713.2835416257815, 752.9526571675412, 703.909671543568, 772.3433393712644, 744.8415364909597, 764.8402310875454, 782.7507144268992, 765.2937051492823, 755.9066412640466, 676.0790082166718, 678.4326079351328, 818.929012021448, 675.570165859521, 688.339412833252, 758.2500167976247, 783.9162556655655, 737.0821006959515, 698.1066711118482, 633.8299665614045, 727.3673516447697, 713.8026614971199, 788.6635629551452, 711.2568240081287, 645.5146401444541, 757.7284983984316, 727.9212092959419, 700.2913868785147, 804.8582799661405, 758.3167337598653, 770.4443720063824, 778.0307779019876, 787.0952449665692, 720.0028794871387, 760.6311271013669, 723.5410030716185, 817.6368521528595, 724.3645684278299, 714.6322016785012, 774.7474991682539, 707.153854331906, 715.1284076115986, 779.8755997708154, 784.2251549107158, 761.5536026834393, 742.7114294247806, 697.4975980256789, 756.4406692983507, 785.523482650201, 715.4063786409447, 727.0653702357557, 800.8746925060912, 704.4477498210161, 766.6102058290858, 767.6401667789648, 772.2376047416732, 675.2874433964967, 706.615591454902, 791.3426291125375, 748.4930193835467, 772.1966738646046]
2世代, new best [1, 1, 0, 0, 1, 0, 0, 1, 0, 1, 1, 1, 1, 1, 1, 1, 0, 1, 0, 0, 1, 1, 0, 1, 1, 0, 1, 0, 1, 1, 1, 1, 1] = 706.615591454902
拠点利用数 : 22
3世代
rank = 0, pop_id = 0, calclation_time:140.60994482040405[sec]
pop_index = 0, scores = 751.1921984960132, rank = 0
3世代評価 : [751.1921984960132, 678.8107138125007, 776.4342819058206, 764.0180270447092, 730.7602122567907, 777.5769642426536, 713.0535655318615, 693.5155126325668, 804.997193297475, 791.3600993466771, 816.3159118354333, 765.4209201754611, 676.1248200372544, 793.0134101208996, 771.2001404179875, 738.6402106927469, 743.0754808569587, 718.637875574674, 783.8504816664549, 662.827064199259, 705.4454015377207, 665.223389703229, 790.3130295280744, 683.3584117353371, 788.2126400447709, 709.2361754858547, 705.7842684365235, 778.4520336659448, 758.0943122143015, 716.7690191844733, 684.2470564489655, 822.2512471891131, 790.6286138893121, 663.9927144805577, 763.4437411416751, 665.0669831947783, 773.2284191408611, 769.3573187414258, 761.4472457367385, 644.1703726524056, 752.1945853355371, 773.4687880198481, 748.6011088189567, 717.4258121906765, 659.8713415426723, 680.190005059029, 694.5686232140267, 754.4549367015046, 746.7405738698008, 670.0553195283665, 778.5671996457418, 742.2795248063811, 795.3578777472248, 781.3674761409013, 782.0465393890404, 679.0450607298958, 787.6953101759811, 791.7981577555702, 704.4007736612294, 653.7644812279216, 677.8478553468732, 728.088940402641, 792.9323108599617, 683.5973624891076, 636.2061015467876, 768.9130075206967, 830.0826572749348, 785.5456503549763, 665.7022641096765, 764.5574894370357, 773.1057284897463, 750.5850897705309, 761.436440957096, 750.3828325462139, 698.9741665241302, 636.7302092177782]
4世代
rank = 0, pop_id = 0, calclation_time:126.19314074516296[sec]
pop_index = 0, scores = 765.7821625854834, rank = 0
4世代評価 : [765.7821625854834, 794.4846488456238, 695.2207405159, 746.7829377834997, 702.0260135665326, 790.3798463688672, 710.2434556460046, 768.4509751604153, 796.9264768835174, 634.3314115573362, 783.4344441919425, 770.0094950848162, 766.0961399513387, 728.6742967129258, 696.2863424233811, 785.6256045595104, 796.8975752018184, 807.8498465173271, 724.5575758549662, 695.0714071750352, 768.2874182083265, 786.8051796300664, 692.531362308869, 731.0767802837368, 795.7341410303294, 758.0118869978181, 713.6413579658276, 790.728516545485, 823.8649918572793, 726.2531835336988, 769.5756294175862, 768.5328210064099, 852.6449039007522, 767.7088927679893, 699.886837658104, 734.5204089031166, 646.2347211934164, 724.595363097078, 776.8127938778326, 769.1503439836833, 709.4326564054571, 580.9062577228646, 675.0568930038053, 750.8004770824357, 710.4183944844843, 782.961395442498, 764.3316788886132, 723.2288737843887, 709.252070845326, 674.2032252942938, 684.7369118916947, 821.4047869211013, 757.6426154448952, 786.0182261105319, 767.480065641829, 794.83477334952, 773.9272056626387, 808.6994024061697, 750.2773082851229, 752.8685207472331, 789.5888539050444, 703.8795806569717, 756.8540871831835, 654.7017292628751, 709.0164027114031, 816.9873801872393, 699.3621372403388, 777.4861980154878, 719.3052469545003, 714.8325841715475, 678.447194093559, 810.1961371258446, 810.7053829309667, 753.5417470472394, 767.4940203869278, 706.3001556680135]
5世代
rank = 0, pop_id = 0, calclation_time:126.59772944450378[sec]
pop_index = 0, scores = 772.650445582942, rank = 0
5世代評価 : [772.650445582942, 726.898978175183, 738.7600095969357, 780.41066288089, 772.4361622123913, 660.5007694361503, 771.7731260694591, 723.8740511295682, 689.845951498807, 704.4432862071312, 835.2181390515145, 792.4383699385061, 690.927559206492, 764.6484298620456, 679.528133646294, 776.703290907411, 665.9243018208276, 770.9786784174727, 693.5407515996872, 768.8253030928902, 708.6934536029029, 733.1191893419855, 707.078427020316, 697.6709115718639, 726.3497457370523, 669.9518471743353, 638.6908455401766, 649.4513293133194, 726.0260340849371, 696.3067493611787, 783.6157733735168, 671.5329882270645, 787.1801183274068, 798.4136591730818, 763.5410809810027, 815.7569415695845, 766.0491656988077, 801.412503858686, 784.0971844217338, 764.1374526191439, 767.3939789527556, 719.5456699245278, 794.3942547167159, 671.6897051941214, 822.2008683726691, 780.4448983887766, 733.7773978015615, 706.266567853838, 788.0399703001749, 667.9832103948006, 708.4628004019448, 697.2468701681155, 797.7242376479232, 618.2484200579272, 770.1338840987547, 796.7293902485103, 669.9052320921734, 769.6624045273059, 741.5817417146782, 623.392481750746, 790.5249013498923, 740.2541887484392, 767.0036836812667, 786.7355636459264, 763.8990591438205, 666.8192164667921, 708.0172220817849, 763.1681464448541, 709.4240870255159, 772.5922407554482, 758.7139500355823, 736.2144103498049, 772.1633256836543, 720.818417141952, 708.379058836218, 774.9136001319827]
5世代, new best [0, 1, 1, 1, 1, 0, 1, 0, 0, 0, 0, 0, 1, 0, 1, 1, 1, 1, 1, 0, 1, 1, 1, 1, 1, 1, 1, 0, 0, 1, 1, 0, 0] = 679.528133646294
拠点利用数 : 20
6世代
rank = 0, pop_id = 0, calclation_time:153.95242309570312[sec]
pop_index = 0, scores = 802.0997629353182, rank = 0
6世代評価 : [802.0997629353182, 768.0931104287274, 806.5278541854756, 733.828507880644, 766.3478731069993, 789.5533841256861, 659.1108801408986, 846.759073743112, 703.4837702915758, 701.5567382114862, 658.3736754387903, 662.118437135377, 647.31012688619, 693.8733566295406, 796.1378784190556, 696.0459431346067, 774.3744647408237, 793.5933485631355, 678.1380132862911, 661.8205860073149, 731.7055710277302, 705.0242273653889, 730.481847915613, 765.5257000830738, 679.973669329543, 676.0817570928524, 770.1303795727274, 680.6349992781361, 659.720470663297, 653.5462744995722, 765.0054831456043, 758.9644064595227, 734.4108850710144, 781.6711594529269, 697.3947415488167, 711.5928018326533, 704.3730950203055, 678.5995704274999, 661.3271628368352, 836.4967478165073, 761.1451464248014, 780.0187655234932, 767.4936802808107, 764.6161385500955, 788.6678165018686, 662.5743650868569, 770.2873791208049, 652.6338248680161, 714.6675787168114, 761.9786455288868, 772.4175041016714, 757.8502266970572, 705.2367550391841, 703.6148429854247, 748.9589900677895, 747.3215119301402, 771.7995652618989, 766.069742795368, 698.4415688857262, 753.8054912778398, 742.9676520064693, 765.5934666155449, 739.8994220315536, 784.6878395083746, 773.8849806216388, 710.8353758324857, 764.2601213763201, 766.7683985174749, 714.8600697657905, 680.0979653560357, 770.4855910173208, 747.725929810327, 775.6544971755351, 755.3968999176959, 694.8277974476441, 678.085384736498]
7世代
rank = 0, pop_id = 0, calclation_time:127.3083336353302[sec]
pop_index = 0, scores = 768.5880035576037, rank = 0
7世代評価 : [768.5880035576037, 712.4820629448429, 781.9068729053201, 755.4832878701374, 788.0248071369992, 746.0960575313534, 760.240617143965, 679.2358936033864, 812.4206658161849, 729.491777348469, 709.0819184061237, 766.2716220067603, 728.0832945085567, 757.2874486477436, 724.8648609029295, 668.0562632643059, 764.630711914374, 759.0651288127608, 735.3141218999167, 792.5751801505203, 710.6987171711177, 749.8055205155476, 764.8568906434714, 681.4642099071808, 788.2741259747107, 776.5184752072669, 719.2465940226188, 779.517860283724, 721.9608066615422, 699.0446024159174, 711.7751885172516, 697.1381889834825, 749.9361088146486, 703.9150786547527, 654.0879461807485, 736.6348837852995, 660.307792169242, 780.8894936586737, 762.1297584409788, 755.5022170785421, 648.3080329789485, 789.2795198202036, 787.2575080099364, 763.6646108244977, 661.8832985610334, 774.249021082916, 745.711106189714, 778.4204627232732, 764.7647883026971, 716.0957724802654, 676.7445177062849, 726.6689559999313, 761.7808837318114, 713.9081488550006, 694.4578348771371, 738.0849408465244, 759.7240736271099, 756.6181065113924, 798.4683119326867, 762.6560345334555, 730.6246103676525, 700.9534778594473, 736.645313278786, 776.2094826306798, 862.1209208532441, 702.9639431678595, 678.0843990179025, 768.0591061630981, 631.1056589274235, 683.2300854521592, 799.2722534160279, 752.5391402030092, 835.831499428604, 711.3153873241498, 747.3727110542033, 726.4884406122978]
8世代
rank = 0, pop_id = 0, calclation_time:126.90324664115906[sec]
pop_index = 0, scores = 765.3760417520632, rank = 0
8世代評価 : [765.3760417520632, 719.7506850305972, 858.4826969289484, 761.4563875392996, 768.0602227846598, 775.4525227595561, 753.477278365198, 759.4246316832127, 787.3861133196473, 649.2935444538789, 692.9265174966754, 765.087423449469, 766.0622849127935, 767.351274658497, 677.6595156452538, 715.1420647067738, 712.1182809574467, 707.8798684902541, 786.6199433772773, 723.1661459014286, 695.1191133169464, 684.3559737337351, 673.777798959059, 720.8704079871524, 709.5806618638164, 724.3335716919662, 793.2305950052673, 792.9067611195672, 733.7081925857888, 755.7849087442197, 663.1018294336171, 800.0956662200058, 685.3222733753404, 794.549813544757, 827.3448101686172, 675.0765132299389, 753.1927305436761, 755.6162198892105, 767.3903850064639, 823.33592191228, 699.9232139646356, 722.560287340788, 768.6481254922525, 786.815559187716, 649.836366862555, 681.6798489885188, 812.2408812395208, 821.8227131619863, 728.5944082037965, 761.1026210786829, 650.2498023268244, 791.0237417689566, 803.006958740909, 672.1159376551539, 672.0315957560438, 791.6352733247872, 770.1476759865981, 656.7744409117722, 655.994329573259, 787.9333019572431, 782.1085015229305, 693.8352445346163, 685.9278001492706, 772.8894329769847, 662.9464454907204, 671.2525573478324, 700.4451643447742, 761.3379518173645, 625.342179195431, 664.2277227729668, 777.1502087143139, 804.5515991236316, 773.8590690920672, 758.4226672634661, 662.6710576278596, 701.1774999169129]
9世代
rank = 0, pop_id = 0, calclation_time:134.2555456161499[sec]
pop_index = 0, scores = 783.0438606061363, rank = 0
9世代評価 : [783.0438606061363, 711.2207643949537, 718.3102133242011, 679.6615334737072, 720.5106799290696, 697.1081383887858, 694.8920131014193, 706.6698729857693, 655.3925277730125, 775.3121973137409, 769.8783813832993, 763.7847299596897, 741.9607252821402, 647.3110339430926, 687.7173359363608, 778.4956080480362, 706.2069817815288, 682.8815846449219, 700.8828382430813, 741.2118006766168, 765.3308351145384, 768.0591002036051, 663.9639953325842, 714.5136060726398, 762.2216239782092, 667.6181866462541, 659.23595457598, 729.1494700279901, 779.0312392290771, 705.6196545192942, 722.742911281289, 767.3123684172404, 709.6983964179735, 716.0599250762114, 694.4756369823351, 728.6795658737863, 752.0268814925645, 794.30669805659, 669.7557425189489, 643.7572831298405, 754.1465588923687, 760.7720840601908, 759.2063775384283, 772.4606471421572, 813.8278781142607, 649.2437960311195, 721.3134687680229, 762.2128197615227, 667.3780937117325, 685.5275956015039, 776.8631462007558, 732.3968810192949, 687.2310488955702, 731.9992074407515, 763.805937208541, 647.5311846974311, 788.2144835483464, 771.502566050232, 730.0156240539987, 753.181709228854, 689.3822785366939, 774.9258220377042, 802.6797263210526, 650.0326386082493, 788.5973296653923, 643.7516715458662, 795.272347318248, 753.2435216213877, 777.3743547984569, 731.5165429831387, 795.964333134795, 679.60253750627, 713.0568942268274, 696.3557740617355, 810.7839218230989, 760.7279959004309]
10世代
rank = 0, pop_id = 0, calclation_time:119.70392870903015[sec]
pop_index = 0, scores = 695.7929297740078, rank = 0
10世代評価 : [695.7929297740078, 638.9862008865548, 785.9248287686648, 757.1517447159279, 702.8271779074911, 777.35235842296, 680.7125343995193, 776.388596250496, 762.6435295831817, 747.9886426780839, 782.4646038087526, 749.7143244675042, 798.233261564684, 697.7652624926129, 683.2585797743822, 780.2769487951914, 772.1005528986677, 682.7549771769649, 686.8152404198418, 682.4505706435585, 715.4862535390444, 768.0731857445162, 686.4214097613926, 784.7847720120051, 770.5458160901366, 837.9149345142362, 756.1451805327204, 678.476598648569, 795.5261891513487, 654.6816542613914, 722.8868507591369, 800.7917292637218, 772.836876208654, 653.1656832169551, 783.1369953629188, 675.4776458325083, 729.3881970186375, 668.3338431868702, 760.6340522562208, 810.1244307673837, 782.1031924899236, 759.8847700691886, 776.2116171381858, 675.3657030115269, 746.7847497800384, 698.2257455790648, 629.3443009191125, 765.6291274465988, 786.2665643938936, 705.8585619649359, 689.8062853634167, 770.8076445121019, 767.1679720062166, 676.9216890781836, 793.8952477097982, 723.5469762921667, 796.5623178994288, 711.2419764683123, 722.0549147228405, 776.5178356671884, 735.3292655565347, 765.270249286407, 769.482739342322, 759.9810819837886, 787.8657661239096, 690.0459829709272, 687.2029428427354, 782.2448411144254, 783.4339844726708, 766.4061497285066, 705.8459551179299, 686.7728600581389, 703.5712602739302, 688.9514454257454, 701.6489691379014, 827.3590550966351]
11世代
rank = 0, pop_id = 0, calclation_time:69.32482171058655[sec]
pop_index = 0, scores = 618.760467794581, rank = 0
