Popularity : [[1, 15], [2, 1], [9, 5], [5, 13], [5, 2], [16, 5], [7, 4], [3, 7], [6, 9], [7, 8], [4, 9], [12, 4], [5, 6], [11, 2], [2, 3], [4, 14], [7, 7], [8, 14], [12, 14], [9, 4], [7, 2], [3, 5], [4, 7], [6, 7], [7, 4], [14, 5], [19, 4], [6, 5], [5, 7], [4, 9], [7, 8], [6, 12], [6, 8]]
Distance : [[0.0, 250.19392478635447, 77.98717843338096, 208.08652046684813, 239.14012628582432, 187.55532517100121, 120.50726119201282, 378.6000528261981, 258.0426321366297, 69.6419413859206, 142.36923825040296, 391.348949148966, 38.897300677553446, 148.51935900750448, 139.44532978913278, 171.9912788486672, 310.2289477144259, 105.72133181151285, 216.6333307688362, 116.36150566231085, 62.16912416947821, 87.46427842267951, 189.6549498431296, 260.0480724789169, 242.404620418011, 387.6415870362725, 164.43843832875572, 167.72000476985446, 215.7127719909046, 252.8813951242756, 181.0, 174.04022523543227, 142.21462653327893], [250.19392478635447, 0.0, 219.14607000811125, 454.1024113567335, 471.27168385125793, 312.2466973404202, 363.7430411705494, 593.124776080042, 189.16923639957952, 211.4734025829253, 213.80364823828427, 605.7367414974924, 285.4645336990219, 366.0122948754591, 342.58429619584143, 78.54934754662193, 356.046345297912, 145.7737973711325, 445.4312517100703, 193.6620768245554, 266.60832695172894, 284.0017605579233, 111.36426715962351, 142.50614021858848, 458.11898017873045, 599.6207134514284, 414.60945478847924, 171.32717239247253, 445.1123453691214, 5.656854249492381, 94.02127418834527, 296.40006747637557, 227.7015590636129], [77.98717843338096, 219.14607000811125, 0.0, 270.7655812691118, 310.7442678473732, 128.03515142334936, 152.5909564816998, 376.1808075912433, 183.52111595127138, 14.0, 190.51771571168914, 388.9113009414872, 90.24965373894794, 225.78751072634643, 217.4143509522773, 143.75326083258076, 238.46173697262208, 83.21658488546619, 226.4155471693585, 157.3848785620779, 137.27709204379295, 163.37686494727458, 131.59407281484982, 192.75113488641253, 318.39912060180063, 383.3797073398643, 215.00232556881798, 94.59386872308374, 288.87713651308576, 220.2203442009843, 132.23085872821065, 112.01785571952357, 65.21502894272147], [208.08652046684813, 454.1024113567335, 270.7655812691118, 0.0, 68.35202996254024, 315.6342820417326, 137.90576492663388, 311.00160771288625, 452.3295258989844, 268.79360111431225, 282.46238687655386, 321.0763149159402, 181.22085972646747, 115.97413504743201, 145.0, 377.4612562899668, 446.21295364433337, 313.0, 181.24568960391858, 279.42798714516766, 191.3243319601561, 182.0164827701052, 396.4555460578147, 463.1684358848301, 112.44554237496477, 323.0139315880973, 69.42621983083913, 365.1985761198967, 70.02856560004639, 457.3587213555679, 389.0462697417879, 311.46428366668306, 320.3576126768334], [239.14012628582432, 471.27168385125793, 310.7442678473732, 68.35202996254024, 0.0, 372.9785516621566, 196.596032513375, 375.8324094593227, 494.26511104871645, 306.1143577161973, 278.7274654568509, 385.3751419072071, 221.0, 106.70520137275409, 133.9290857132983, 398.2122549595881, 504.9059318328514, 338.25582034903704, 249.48346638605133, 284.08449447303525, 205.00975586542216, 187.77113729218343, 428.1226459789297, 499.16430160819795, 50.0, 387.9407171205415, 133.70115930686615, 404.7838929601819, 26.68332812825267, 475.1515547696335, 417.0527544567953, 367.0013623952914, 366.7219655270188], [187.55532517100121, 312.2466973404202, 128.03515142334936, 315.6342820417326, 372.9785516621566, 0.0, 177.78920102188434, 297.00673393039426, 186.33571852975479, 142.03168660548954, 317.6948221170751, 308.7798568559808, 173.6663467687393, 314.6823795511913, 315.9272068056184, 249.55159787106152, 132.24598292575845, 203.73512215619573, 189.16923639957952, 285.112258592997, 249.22680433693324, 273.34410547879025, 202.82997806044352, 224.37914341578184, 395.3492127221199, 301.03322075810837, 247.12952069714376, 142.3411395205195, 357.34157328807964, 311.40006422606916, 218.32544515012444, 16.76305461424021, 85.47514258543241], [120.50726119201282, 363.7430411705494, 152.5909564816998, 137.90576492663388, 196.596032513375, 177.78920102188434, 0.0, 264.76404589747455, 324.0061727807049, 155.76905982896602, 250.92827660508888, 277.27242920997395, 81.68843247363729, 160.099968769516, 173.4156855650607, 285.3506614676055, 308.9142275778181, 218.24069281414958, 101.13357503816425, 231.40008643040736, 149.40214188558343, 160.72336482291553, 284.17776126924497, 342.1768548572507, 224.39696967650877, 274.76535443901946, 70.3846574190711, 242.0743687382041, 183.50476833041697, 365.7280410359588, 283.24018076537095, 173.6663467687393, 189.6549498431296], [378.6000528261981, 593.124776080042, 376.1808075912433, 311.00160771288625, 375.8324094593227, 297.00673393039426, 264.76404589747455, 0.0, 482.33598248523816, 386.2071982757442, 515.3532768887766, 12.806248474865697, 340.7946595825703, 402.0397990249224, 423.9540069394321, 519.781684940899, 360.9432088293115, 457.8394915251414, 163.682619724881, 493.91699707541954, 414.1605968703445, 424.1556318145499, 491.2117669600353, 521.3108477674333, 423.14300183271376, 12.165525060596439, 269.8629281690985, 433.2435804486894, 381.00131233369785, 593.5225353767117, 501.0319351099289, 309.0954545120326, 371.1940193483726], [258.0426321366297, 189.16923639957952, 183.52111595127138, 452.3295258989844, 494.26511104871645, 186.33571852975479, 324.0061727807049, 482.33598248523816, 0.0, 188.85973631242842, 320.0390601161052, 493.8218302181466, 273.5415873317986, 406.23638438721855, 394.0012690334893, 172.69916039170545, 175.31685600648902, 184.6212338816963, 368.28250026304534, 286.93204770467867, 309.5238278388273, 335.0761107569443, 99.74467404327912, 51.07837115648854, 500.44180480851116, 485.6871420986971, 392.0943763942554, 90.35485598461214, 472.2393460947531, 185.3887806745597, 125.39936203984452, 176.64653973401235, 134.45073447177595], [69.6419413859206, 211.4734025829253, 14.0, 268.79360111431225, 306.1143577161973, 142.03168660548954, 155.76905982896602, 386.2071982757442, 188.85973631242842, 0.0, 176.63804799646084, 398.9686704491971, 87.5728268357257, 218.15590755237412, 208.33866659840174, 134.80726983364065, 251.4358765172544, 71.84010022264724, 234.13671220037236, 143.42245291445826, 126.66885963013956, 152.8397853963424, 129.5569372901351, 194.48650338776724, 311.7338608492828, 393.6495903719449, 215.52262062252305, 98.79271228182775, 283.5947813342128, 212.8497122384712, 127.4872542648872, 126.01587201618692, 77.02596964660685], [142.36923825040296, 213.80364823828427, 190.51771571168914, 282.46238687655386, 278.7274654568509, 317.6948221170751, 250.92827660508888, 515.3532768887766, 320.0390601161052, 176.63804799646084, 0.0, 527.9441258315126, 176.61823235442031, 173.1040149736568, 144.84474446799925, 160.65490966665163, 425.13174428640355, 137.55726080436466, 351.71721595622813, 34.539832078341085, 102.80077820717118, 101.82828683622247, 223.55759884199867, 298.4828303269721, 255.01568579207046, 525.0609488430844, 269.40861159213154, 240.78413569004084, 252.10513679812237, 218.8332698654389, 200.89798406156294, 302.1208367524491, 249.81593223811808], [391.348949148966, 605.7367414974924, 388.9113009414872, 321.0763149159402, 385.3751419072071, 308.7798568559808, 277.27242920997395, 12.806248474865697, 493.8218302181466, 398.9686704491971, 527.9441258315126, 0.0, 353.50954725438464, 413.4730946506677, 435.6432026326131, 532.4894365149415, 370.25936855129, 470.6134294726405, 176.23847480048164, 506.6142516747826, 426.6532549975448, 436.46763912116097, 503.60003971405723, 533.1388186954689, 433.01039248498415, 10.198039027185569, 281.2578887782528, 445.50196408096787, 391.10356684643006, 606.1130257633472, 513.5610966574474, 321.0482829731379, 383.500977834477], [38.897300677553446, 285.4645336990219, 90.24965373894794, 181.22085972646747, 221.0, 173.6663467687393, 81.68843247363729, 340.7946595825703, 273.5415873317986, 87.5728268357257, 176.61823235442031, 353.50954725438464, 0.0, 143.58621103713267, 142.35870187663275, 206.92993983471797, 302.61691955341826, 139.7855500400524, 178.21616088334974, 153.18289721767243, 83.00602387778854, 103.40696301506973, 216.0092590608097, 281.99645387841315, 231.92455669894036, 350.0471396826433, 130.41855696180662, 184.81612483763422, 199.9124808509964, 287.8367592924851, 210.7368026710095, 162.53307355735325, 146.81280598094978], [148.51935900750448, 366.0122948754591, 225.78751072634643, 115.97413504743201, 106.70520137275409, 314.6823795511913, 160.099968769516, 402.0397990249224, 406.23638438721855, 218.15590755237412, 173.1040149736568, 413.4730946506677, 143.58621103713267, 0.0, 29.410882339705484, 294.7422602885443, 445.4076784250581, 238.17010727629108, 248.07257002740147, 177.38658348364456, 102.18121158021175, 82.02438661763951, 331.1027030998086, 404.8567647946617, 95.50916186418976, 413.42472107990835, 132.21951444472938, 315.88605540605937, 80.06247560499239, 370.0662102921584, 317.47913317255984, 304.86718419665965, 287.98784696580515], [139.44532978913278, 342.58429619584143, 217.4143509522773, 145.0, 133.9290857132983, 315.9272068056184, 173.4156855650607, 423.9540069394321, 394.0012690334893, 208.33866659840174, 144.84474446799925, 435.6432026326131, 142.35870187663275, 29.410882339705484, 0.0, 273.4264069178396, 444.6807843835845, 220.16811758290527, 266.6927070618917, 151.47607071745688, 84.970583144992, 61.032778078668514, 314.391475711413, 389.30707674020005, 115.62439189029277, 435.12412022318415, 155.32224567009067, 303.9819073563425, 107.28000745712129, 346.8313711301214, 299.1521352088265, 304.8688242506931, 281.4320521902223], [171.9912788486672, 78.54934754662193, 143.75326083258076, 377.4612562899668, 398.2122549595881, 249.55159787106152, 285.3506614676055, 519.781684940899, 172.69916039170545, 134.80726983364065, 160.65490966665163, 532.4894365149415, 206.92993983471797, 294.7422602885443, 273.4264069178396, 0.0, 316.3558123379433, 67.23094525588644, 368.8590516715023, 132.83448347473634, 193.31321734428818, 213.12203077110541, 73.37574531137656, 141.40014144264495, 388.81486597093993, 526.7988230814492, 336.29302698688235, 118.94956914591998, 372.4848990227658, 80.95677859203639, 47.43416490252569, 233.0, 164.20109622045769], [310.2289477144259, 356.046345297912, 238.46173697262208, 446.21295364433337, 504.9059318328514, 132.24598292575845, 308.9142275778181, 360.9432088293115, 175.31685600648902, 251.4358765172544, 425.13174428640355, 370.25936855129, 302.61691955341826, 445.4076784250581, 444.6807843835845, 316.3558123379433, 0.0, 293.7839342101606, 301.091348264941, 390.8170927684714, 372.307668467895, 397.6581446418519, 248.766959220874, 226.29405648403582, 527.5319895513446, 360.69377593742865, 377.107411754264, 198.0, 489.5651131361384, 353.1925820285585, 272.6554602424092, 140.5844941663198, 175.5135322418189], [105.72133181151285, 145.7737973711325, 83.21658488546619, 313.0, 338.25582034903704, 203.73512215619573, 218.24069281414958, 457.8394915251414, 184.6212338816963, 71.84010022264724, 137.55726080436466, 470.6134294726405, 139.7855500400524, 238.17010727629108, 220.16811758290527, 67.23094525588644, 293.7839342101606, 0.0, 303.75812746328285, 103.46496991735899, 136.12494260788506, 159.17600321656528, 94.82615672903758, 170.8156901458411, 333.54609876297457, 465.3869357856965, 269.51994360343724, 103.31021246711285, 313.2491021535417, 148.06079832285116, 79.30952023559341, 187.0106948813356, 123.1990259701756], [216.6333307688362, 445.4312517100703, 226.4155471693585, 181.24568960391858, 249.48346638605133, 189.16923639957952, 101.13357503816425, 163.682619724881, 368.28250026304534, 234.13671220037236, 351.71721595622813, 176.23847480048164, 178.21616088334974, 248.07257002740147, 266.6927070618917, 368.8590516715023, 301.091348264941, 303.75812746328285, 0.0, 330.89273186336385, 250.52943938786913, 261.2661478263114, 352.64287884487334, 397.57389250301634, 289.74816651706357, 173.63179432350518, 121.2023102090055, 300.4330208216134, 246.07722365143832, 446.6060904197344, 357.54300440646296, 194.164878389476, 239.5600133578223], [116.36150566231085, 193.6620768245554, 157.3848785620779, 279.42798714516766, 284.08449447303525, 285.112258592997, 231.40008643040736, 493.91699707541954, 286.93204770467867, 143.42245291445826, 34.539832078341085, 506.6142516747826, 153.18289721767243, 177.38658348364456, 151.47607071745688, 132.83448347473634, 390.8170927684714, 103.46496991735899, 330.89273186336385, 0.0, 90.13878188659973, 98.03060746521976, 191.73158320944412, 267.36678926149375, 266.0, 503.2236083492109, 258.0310058888272, 206.51876428063383, 257.4490240804964, 198.2952344359289, 170.07351351694948, 269.31394319641157, 215.64090521049107], [62.16912416947821, 266.60832695172894, 137.27709204379295, 191.3243319601561, 205.00975586542216, 249.22680433693324, 149.40214188558343, 414.1605968703445, 309.5238278388273, 126.66885963013956, 102.80077820717118, 426.6532549975448, 83.00602387778854, 102.18121158021175, 84.970583144992, 193.31321734428818, 372.307668467895, 136.12494260788506, 250.52943938786913, 90.13878188659973, 0.0, 26.1725046566048, 229.7520402520944, 304.4010512465422, 197.43606560099397, 424.1568106255044, 168.24089871371942, 219.82947936980608, 179.17868176767013, 270.36271932350434, 215.40659228538016, 236.01906702637396, 202.4252948620799], [87.46427842267951, 284.0017605579233, 163.37686494727458, 182.0164827701052, 187.77113729218343, 273.34410547879025, 160.72336482291553, 424.1556318145499, 335.0761107569443, 152.8397853963424, 101.82828683622247, 436.46763912116097, 103.40696301506973, 82.02438661763951, 61.032778078668514, 213.12203077110541, 397.6581446418519, 159.17600321656528, 261.2661478263114, 98.03060746521976, 26.1725046566048, 0.0, 253.5527558517162, 328.7324139782994, 175.75551200460256, 434.52963075030914, 168.67127793433, 245.60130292814003, 161.37533888422976, 288.0433995077825, 238.1197177891827, 260.5379051117131, 228.4841351166422], [189.6549498431296, 111.36426715962351, 131.59407281484982, 396.4555460578147, 428.1226459789297, 202.82997806044352, 284.17776126924497, 491.2117669600353, 99.74467404327912, 129.5569372901351, 223.55759884199867, 503.60003971405723, 216.0092590608097, 331.1027030998086, 314.391475711413, 73.37574531137656, 248.766959220874, 94.82615672903758, 352.64287884487334, 191.73158320944412, 229.7520402520944, 253.5527558517162, 0.0, 76.27581530209953, 426.61106408530947, 496.85510966477943, 345.05796614482034, 60.60528029800704, 403.92697359795125, 109.77249200050075, 25.96150997149434, 187.5446613476374, 120.50726119201282], [260.0480724789169, 142.50614021858848, 192.75113488641253, 463.1684358848301, 499.16430160819795, 224.37914341578184, 342.1768548572507, 521.3108477674333, 51.07837115648854, 194.48650338776724, 298.4828303269721, 533.1388186954689, 281.99645387841315, 404.8567647946617, 389.30707674020005, 141.40014144264495, 226.29405648403582, 170.8156901458411, 397.57389250301634, 267.36678926149375, 304.4010512465422, 328.7324139782994, 76.27581530209953, 0.0, 500.23694385760837, 525.4112674848152, 407.3143748997818, 100.12492197250393, 475.6816162098342, 138.2316895650198, 97.59098319004681, 212.42645786248002, 158.15182578775372], [242.404620418011, 458.11898017873045, 318.39912060180063, 112.44554237496477, 50.0, 395.3492127221199, 224.39696967650877, 423.14300183271376, 500.44180480851116, 311.7338608492828, 255.01568579207046, 433.01039248498415, 231.92455669894036, 95.50916186418976, 115.62439189029277, 388.81486597093993, 527.5319895513446, 333.54609876297457, 289.74816651706357, 266.0, 197.43606560099397, 175.75551200460256, 426.61106408530947, 500.23694385760837, 0.0, 435.1942095203014, 169.72919607421701, 410.1243713801949, 43.68065933568311, 462.4035034469354, 412.8401627748928, 387.5590277622236, 378.5828839237189], [387.6415870362725, 599.6207134514284, 383.3797073398643, 323.0139315880973, 387.9407171205415, 301.03322075810837, 274.76535443901946, 12.165525060596439, 485.6871420986971, 393.6495903719449, 525.0609488430844, 10.198039027185569, 350.0471396826433, 413.42472107990835, 435.12412022318415, 526.7988230814492, 360.69377593742865, 465.3869357856965, 173.63179432350518, 503.2236083492109, 424.1568106255044, 434.52963075030914, 496.85510966477943, 525.4112674848152, 435.1942095203014, 0.0, 281.30055101261354, 438.4883122729727, 393.0012722625717, 599.9208281098432, 507.1853704514751, 313.5474445757771, 376.60191183795126], [164.43843832875572, 414.60945478847924, 215.00232556881798, 69.42621983083913, 133.70115930686615, 247.12952069714376, 70.3846574190711, 269.8629281690985, 392.0943763942554, 215.52262062252305, 269.40861159213154, 281.2578887782528, 130.41855696180662, 132.21951444472938, 155.32224567009067, 336.29302698688235, 377.107411754264, 269.51994360343724, 121.2023102090055, 258.0310058888272, 168.24089871371942, 168.67127793433, 345.05796614482034, 407.3143748997818, 169.72919607421701, 281.30055101261354, 0.0, 307.7174028227848, 126.31706139710502, 417.2349458039199, 340.98826959295826, 243.74166652421167, 258.28859827719845], [167.72000476985446, 171.32717239247253, 94.59386872308374, 365.1985761198967, 404.7838929601819, 142.3411395205195, 242.0743687382041, 433.2435804486894, 90.35485598461214, 98.79271228182775, 240.78413569004084, 445.50196408096787, 184.81612483763422, 315.88605540605937, 303.9819073563425, 118.94956914591998, 198.0, 103.31021246711285, 300.4330208216134, 206.51876428063383, 219.82947936980608, 245.60130292814003, 60.60528029800704, 100.12492197250393, 410.1243713801949, 438.4883122729727, 307.7174028227848, 0.0, 382.38462312179865, 170.03823099526764, 78.92401408950256, 127.27922061357856, 62.26556030423239], [215.7127719909046, 445.1123453691214, 288.87713651308576, 70.02856560004639, 26.68332812825267, 357.34157328807964, 183.50476833041697, 381.00131233369785, 472.2393460947531, 283.5947813342128, 252.10513679812237, 391.10356684643006, 199.9124808509964, 80.06247560499239, 107.28000745712129, 372.4848990227658, 489.5651131361384, 313.2491021535417, 246.07722365143832, 257.4490240804964, 179.17868176767013, 161.37533888422976, 403.92697359795125, 475.6816162098342, 43.68065933568311, 393.0012722625717, 126.31706139710502, 382.38462312179865, 0.0, 449.040087297337, 392.2562937672256, 350.4539912741757, 346.45778963677526], [252.8813951242756, 5.656854249492381, 220.2203442009843, 457.3587213555679, 475.1515547696335, 311.40006422606916, 365.7280410359588, 593.5225353767117, 185.3887806745597, 212.8497122384712, 218.8332698654389, 606.1130257633472, 287.8367592924851, 370.0662102921584, 346.8313711301214, 80.95677859203639, 353.1925820285585, 148.06079832285116, 446.6060904197344, 198.2952344359289, 270.36271932350434, 288.0433995077825, 109.77249200050075, 138.2316895650198, 462.4035034469354, 599.9208281098432, 417.2349458039199, 170.03823099526764, 449.040087297337, 0.0, 93.50935782048768, 295.6568957423452, 227.13872413131145], [181.0, 94.02127418834527, 132.23085872821065, 389.0462697417879, 417.0527544567953, 218.32544515012444, 283.24018076537095, 501.0319351099289, 125.39936203984452, 127.4872542648872, 200.89798406156294, 513.5610966574474, 210.7368026710095, 317.47913317255984, 299.1521352088265, 47.43416490252569, 272.6554602424092, 79.30952023559341, 357.54300440646296, 170.07351351694948, 215.40659228538016, 238.1197177891827, 25.96150997149434, 97.59098319004681, 412.8401627748928, 507.1853704514751, 340.98826959295826, 78.92401408950256, 392.2562937672256, 93.50935782048768, 0.0, 202.4080037943164, 133.68619973654722], [174.04022523543227, 296.40006747637557, 112.01785571952357, 311.46428366668306, 367.0013623952914, 16.76305461424021, 173.6663467687393, 309.0954545120326, 176.64653973401235, 126.01587201618692, 302.1208367524491, 321.0482829731379, 162.53307355735325, 304.86718419665965, 304.8688242506931, 233.0, 140.5844941663198, 187.0106948813356, 194.164878389476, 269.31394319641157, 236.01906702637396, 260.5379051117131, 187.5446613476374, 212.42645786248002, 387.5590277622236, 313.5474445757771, 243.74166652421167, 127.27922061357856, 350.4539912741757, 295.6568957423452, 202.4080037943164, 0.0, 69.1158447825099], [142.21462653327893, 227.7015590636129, 65.21502894272147, 320.3576126768334, 366.7219655270188, 85.47514258543241, 189.6549498431296, 371.1940193483726, 134.45073447177595, 77.02596964660685, 249.81593223811808, 383.500977834477, 146.81280598094978, 287.98784696580515, 281.4320521902223, 164.20109622045769, 175.5135322418189, 123.1990259701756, 239.5600133578223, 215.64090521049107, 202.4252948620799, 228.4841351166422, 120.50726119201282, 158.15182578775372, 378.5828839237189, 376.60191183795126, 258.28859827719845, 62.26556030423239, 346.45778963677526, 227.13872413131145, 133.68619973654722, 69.1158447825099, 0.0]]
0世代
rank = 0, pop_id = 0, calclation_time:132.27957820892334[sec]
pop_index = 0, scores = 95.04668923410328, rank = 0
0世代評価 : [95.04668923410328, 100.34218282450158, 97.36553329420622, 102.12982834975868, 98.9540237949827, 101.27657212544426, 95.10140319139133, 77.83993573739222, 83.49247988632636, 95.4417222652956, 65.31490598231989, 93.88711965392767, 97.99648696885328, 104.07874504903951, 95.3045038988755, 95.01136097345315, 101.41627616958705, 103.84283710245028, 96.32018904516066, 102.49473211121185, 74.88831827024723, 78.04828798536057, 99.4482107293953, 95.65274456859638, 81.22908353402079, 84.521722154856, 100.86015134828452, 102.94599559408296, 71.12337819474857, 97.310041213911, 81.06153681978985, 97.33956674771979, 74.23569960375953, 67.71834339058611, 81.36622466893627, 95.64113556897561, 97.85597095686768, 93.6615557009441, 93.93161931255166, 103.17364441768959, 78.57996068476898, 63.40622456713894, 103.73168560007892, 98.77322064522079, 98.98160787209268, 97.87463949364601, 64.71769029986592, 102.67338187439562, 95.61687115458557, 104.0383287574383, 91.96692854956676, 72.56577781419332, 79.93407437972164, 74.50058886769688, 94.88662258677346, 100.22225967911322, 99.46289207935524, 93.97074802843231, 96.26997020645655, 90.50087509107016, 94.85615538078339, 100.47798087125034, 101.27697699935668, 87.53821425012853, 94.7051063792604, 92.85963214183163, 63.815594058106115, 99.0223641106941, 104.33933336508028, 89.85560493062005, 88.53086947939649, 92.30538801764902, 75.47013126171042, 94.12623122606878, 98.11284055170478, 101.54471266262857]
0世代, new best [0, 0, 1, 1, 1, 1, 0, 1, 1, 1, 1, 1, 1, 0, 0, 1, 1, 1, 1, 0, 1, 1, 1, 1, 0, 0, 0, 0, 0, 1, 0, 1, 1] = 95.04668923410328
拠点利用数 : 21
0世代, new best [1, 1, 1, 0, 0, 1, 0, 0, 0, 1, 1, 1, 1, 0, 1, 1, 0, 1, 1, 0, 1, 1, 1, 1, 0, 0, 1, 1, 1, 1, 1, 0, 0] = 77.83993573739222
拠点利用数 : 21
0世代, new best [1, 1, 1, 1, 1, 0, 0, 0, 1, 1, 1, 1, 0, 1, 1, 1, 1, 1, 1, 1, 1, 1, 0, 1, 1, 1, 0, 1, 0, 0, 1, 0, 1] = 65.31490598231989
拠点利用数 : 24
0世代, new best [1, 1, 0, 1, 1, 1, 1, 0, 1, 1, 1, 0, 1, 1, 1, 1, 0, 1, 0, 1, 1, 0, 0, 1, 1, 1, 1, 0, 1, 0, 1, 1, 1] = 63.40622456713894
拠点利用数 : 24
1世代
rank = 0, pop_id = 0, calclation_time:107.14589405059814[sec]
pop_index = 0, scores = 76.2820514207182, rank = 0
1世代評価 : [76.2820514207182, 105.13495336351515, 99.30623281753186, 96.58315528793202, 99.26134606328071, 99.56362469972723, 96.18719639829784, 99.8920336619087, 79.05267679097122, 56.955873114765495, 81.24054721065446, 94.11783092408663, 94.80282243722311, 103.14701982016646, 94.29855370330341, 95.15509859112011, 92.96947755653726, 86.07566957631042, 99.09325619179897, 93.8599967330429, 71.09666374548243, 89.93746357637261, 103.29879887457471, 104.11864781679527, 88.6577248891054, 100.93243691656801, 60.26566849469173, 79.3022119570255, 105.69565613356698, 102.21357434593703, 93.77468529363787, 89.57890262226971, 98.34051941572942, 106.6325508520681, 96.34683483816873, 103.94824594510278, 97.21199466492553, 96.89924682732301, 102.63478042153318, 98.72856768984761, 99.88650982358506, 99.75259020844291, 89.16156584708331, 91.89703642383724, 91.0624916127262, 96.76765595528941, 102.2625034807541, 99.58567426904594, 61.55107200727347, 80.66520934286277, 97.2750747056819, 104.66380981500976, 96.91701447636112, 93.39814586242336, 98.03734249149974, 90.54364718419225, 103.4304991129293, 100.29729058314034, 97.8718154163377, 99.88071261517078, 86.23041254225613, 66.49622307047333, 95.29453786776521, 90.80892546110256, 102.97690310529924, 99.04297851458371, 83.57761792618629, 96.55066901388058, 102.13923291467586, 62.60294118538441, 92.41821918356493, 94.48424811667188, 89.85702295651309, 74.05788150683387, 67.41472138834423, 75.01732548520887]
1世代, new best [1, 0, 0, 1, 0, 1, 0, 1, 1, 0, 1, 1, 1, 1, 1, 1, 0, 1, 0, 1, 1, 0, 0, 1, 1, 0, 1, 0, 1, 1, 0, 1, 1] = 56.955873114765495
拠点利用数 : 21
2世代
rank = 0, pop_id = 0, calclation_time:133.1390838623047[sec]
pop_index = 0, scores = 99.81958753969596, rank = 0
2世代評価 : [99.81958753969596, 106.10264079525348, 64.74843277794282, 84.22186982283357, 92.9098851287303, 92.1423686035806, 85.55685582232339, 88.92433265393524, 103.60884477900781, 98.33725420589101, 71.57267791897176, 93.26222450876527, 77.77583659299859, 93.33718236864749, 97.29961422196187, 79.96549791531461, 92.87768873395488, 80.88614424986268, 75.67274620818061, 94.18713652283668, 101.39599655727866, 97.19836713568391, 95.90955334035905, 90.23122833277469, 81.10870936541586, 73.10114916866002, 91.01582313743539, 99.72690143488774, 96.5929903001219, 94.36594599702198, 104.05563864697528, 94.65922585055294, 104.44887192918833, 97.94470696337929, 60.26737141939767, 86.74035379539036, 102.70971886590506, 71.10984103013753, 96.35809228042963, 106.19095210198138, 85.36485796173918, 82.03171837212312, 81.09241451472082, 94.59056535187611, 95.04156881601968, 104.21240477018051, 92.01034754627771, 100.7740531041371, 104.9971303862628, 106.18293768595831, 96.84975287761695, 99.76707734773744, 100.79476860622972, 106.20190338583762, 97.82766087866095, 73.42130428348898, 99.95529689746192, 73.14503018152053, 81.90531546512403, 106.66081408184358, 101.61497695178019, 103.32922237813867, 102.98786114702197, 94.2436909899919, 96.84136234556954, 94.85010098576731, 104.15559659655077, 100.76919259891766, 91.60780109573084, 101.19190829999488, 88.14856699488605, 97.48142029846186, 94.34333456807947, 95.67063241048008, 97.61375262750025, 95.75135898919578]
3世代
rank = 0, pop_id = 0, calclation_time:126.30966639518738[sec]
pop_index = 0, scores = 104.43781296083746, rank = 0
3世代評価 : [104.43781296083746, 94.04412645410068, 85.61915243763706, 78.24517983577367, 71.18216728221668, 85.543329189862, 95.08102823449626, 102.50780373197288, 72.44580736004485, 70.34135393595056, 95.89967696751091, 104.2178280303932, 99.1132598970931, 92.72634482952306, 96.18761448341014, 104.30555503052142, 96.29372056729638, 104.58433846553702, 101.2785279349052, 99.54750267377727, 77.10719213949245, 68.0748374608132, 84.62934917305269, 98.61760211168526, 76.78435786850154, 103.42136186923595, 94.0457907636917, 106.63671373583801, 100.55052567010729, 96.79718595783363, 103.05065008125841, 96.56497204573469, 80.74836808030679, 88.84315802761999, 74.66268086979987, 100.70413312777438, 104.67610793536937, 87.78802322941671, 103.64563907722697, 70.31614053271683, 98.86724246206569, 94.94428794898667, 61.2107188956187, 94.69291330220447, 103.90748821216187, 99.99908425419531, 102.44104108188762, 94.66013744168863, 98.37959941389533, 94.88048515939909, 106.56250339265962, 102.94921541508533, 104.29323711070701, 75.31950245776994, 107.09699313045097, 84.25309222816398, 104.55605506667135, 99.5270772484678, 95.33472542927474, 70.79563013728445, 101.988839738236, 98.6236394052978, 101.63773888064482, 99.86238512895498, 100.74324805818146, 91.7081307366224, 103.64867144691597, 86.03638267146941, 65.60672753344753, 90.93627135869613, 71.76735041750091, 105.45597239523673, 96.07636698490843, 95.52494625947627, 82.6391425148442, 92.13888214898797]
4世代
rank = 0, pop_id = 0, calclation_time:138.10050225257874[sec]
pop_index = 0, scores = 98.90408280001114, rank = 0
4世代評価 : [98.90408280001114, 70.56039509519472, 102.75162584125283, 98.17677657175372, 103.12286608390352, 97.15638079500013, 96.4983529212354, 96.91857241627481, 100.18398348994226, 95.62880170339287, 85.5081553496675, 95.43649460278293, 102.75843974586994, 98.38269094798073, 87.70160593084313, 64.64893716106631, 59.47626596830088, 67.20221015376369, 67.23716872435487, 53.88575585355376, 107.14837005517379, 77.8673312565441, 102.95608875928865, 104.2736920796104, 104.36862411055169, 72.62409737257128, 81.6442783494208, 101.15081945746877, 101.77769682191996, 87.32575976589689, 104.23904502096977, 96.67090018341685, 101.59083921535483, 96.2913791160323, 97.09181387003403, 87.40194794595352, 82.72124145864943, 103.68818603647449, 81.86624065865215, 56.254838093562576, 85.31791547064155, 100.4440213806164, 100.87940219852935, 86.06872941093373, 86.66280964117448, 104.32254296698025, 100.52020083587226, 98.8255229607085, 99.25682692109825, 97.99965095514195, 105.76901662599042, 90.21545848076131, 95.24091901591106, 107.1082508658813, 99.02065302852795, 63.09114540263472, 98.0668872220654, 81.06154977612087, 99.27054112418318, 97.48472429422885, 104.05673308488052, 90.18675217990734, 79.18036011728547, 101.69980347491169, 100.28870156395162, 103.39414721692022, 104.3114830431151, 92.79602965039693, 96.30361646406115, 84.00431200387085, 102.6015629774035, 82.85293467317314, 84.48510388675521, 63.65455861369692, 104.09439177266128, 97.87284347806187]
5世代
rank = 0, pop_id = 0, calclation_time:100.4037835597992[sec]
pop_index = 0, scores = 76.78927961365342, rank = 0
5世代評価 : [76.78927961365342, 99.28968423174057, 87.68907827674107, 70.43325621863184, 95.69103668328557, 71.76494814031145, 103.66147394988977, 80.82067442315392, 107.85144873502766, 61.56701672482823, 75.13639478403627, 78.10198123661257, 100.62009496871705, 95.29286494702497, 95.62165646405617, 106.18327351847745, 96.59485392100922, 76.56702928110272, 70.13077131003344, 92.78979500721823, 84.29423852685046, 104.88553908958008, 99.37962376896496, 95.75393992061915, 98.03462615610583, 98.98798025343932, 78.01778693264134, 75.74009307567006, 103.1577490869351, 90.18657629202264, 106.5210754174667, 98.93976791650609, 99.85890111874018, 99.66361594632693, 94.31394179117342, 102.58039065260064, 88.74240583348625, 105.84012261406671, 102.10873003918951, 103.03099278862827, 60.25210147970887, 87.76427496250804, 96.30923270611298, 105.93907816979262, 99.27265139084957, 78.11859347381143, 95.64271916004877, 104.24570174607028, 100.66578534917207, 98.08519531452956, 95.40737061678459, 105.47018949643322, 94.98606660935091, 91.16701346760895, 80.54196360412455, 73.49074107761513, 87.98499365541134, 96.09723275366699, 95.04844990796262, 97.60180930068995, 83.79086149436077, 63.88659810409197, 94.30180579061091, 103.62971883477356, 96.25671193596408, 100.96439369052385, 96.88236989835623, 97.14890278880205, 60.97258286101281, 101.09053082537599, 80.75646992834456, 102.80097784262617, 89.64812335607449, 72.41104756995138, 95.94670675716561, 70.25367201773693]
6世代
rank = 0, pop_id = 0, calclation_time:125.52837538719177[sec]
pop_index = 0, scores = 103.45011390142828, rank = 0
6世代評価 : [103.45011390142828, 85.96437156734001, 100.03860058856652, 100.89628125664267, 90.99285534566779, 96.77922053755955, 98.20173671050043, 79.03379770479826, 96.56218275994101, 83.06662646691476, 82.56549659020345, 81.19128715018462, 95.879349881753, 102.72343754776031, 102.48522721671984, 100.95067732073844, 95.86162231047476, 71.87504460635984, 68.52195188865178, 102.6962981889049, 92.73415370766415, 99.36021884516423, 95.40023471045272, 97.46771969644242, 91.90833789235921, 94.46584158201426, 105.92995726277303, 101.88656274675785, 102.56545544305732, 91.19478225585412, 101.79871430254714, 98.37022466340449, 100.65802608246399, 79.56988604556079, 97.58661283107973, 105.2176930175892, 82.13752060618094, 103.71325324727552, 105.69562728850721, 105.47642608114445, 101.68275270562825, 97.72696523361219, 103.20900137082006, 80.8491769780645, 94.4425920958536, 103.61974175875234, 97.70931807153751, 80.96837931352158, 105.26861350073649, 94.17378726291798, 91.14323064457288, 93.2589466603208, 95.88043983790773, 92.4358912082094, 91.15241005372071, 93.84769976112831, 56.6290860787978, 96.41173560197295, 90.87309511702802, 103.49446909182683, 58.723232663341705, 91.31611293742476, 102.70287768569175, 66.12112351027419, 102.83762419068402, 100.90876202458851, 72.91591283636386, 101.18375134411939, 107.30414274550049, 101.18108023747493, 104.79410312160306, 65.2274241981942, 103.45376525682933, 85.13560683332011, 107.14151300720444, 90.35687539580547]
6世代, new best [0, 0, 1, 1, 0, 1, 0, 1, 1, 1, 0, 1, 1, 1, 1, 1, 0, 0, 0, 1, 1, 0, 1, 1, 1, 1, 0, 0, 1, 1, 0, 1, 0] = 56.6290860787978
拠点利用数 : 20
7世代
rank = 0, pop_id = 0, calclation_time:119.94441843032837[sec]
pop_index = 0, scores = 105.30225745588204, rank = 0
7世代評価 : [105.30225745588204, 97.38480022125876, 102.06556136342866, 97.80455923450974, 89.60014101868052, 102.7585950424414, 76.21123476439978, 73.49870228856203, 82.02874037712948, 75.59194613278697, 73.0565333095479, 70.69877784478724, 105.65124326302669, 74.18055812050376, 106.15227837376749, 102.1902168906073, 80.15872298280574, 104.56652210769656, 101.67706663969886, 93.60230692856535, 103.12996549647667, 99.18421320819711, 99.19425859953466, 96.75340323395253, 83.85237082085638, 102.08046073788188, 104.18756598502706, 60.394518463640296, 96.24574443463388, 98.67042220894412, 88.01860026108581, 103.59184823334508, 88.71181922594606, 87.69947135815487, 106.37437601332822, 98.21737573777591, 102.40093431072539, 92.06677599016993, 101.71961027279201, 93.6178331001221, 105.1957256536748, 104.00906559823024, 92.32139549053346, 99.70083781054929, 90.83004547826987, 99.51626418725894, 101.52565097636733, 97.44128673170944, 63.51478792445825, 83.28718234802999, 104.57008694533378, 95.45061791205022, 94.2198570509938, 67.86914281873088, 87.03697293167205, 102.8130579218721, 102.50208383444959, 106.01613660760579, 72.29949302186773, 100.4601550262454, 88.10376637134954, 73.41548159298395, 106.58403299303255, 73.28920764910197, 103.0606672919373, 95.84027462679207, 91.6391812956391, 103.41801240322317, 90.36450349785346, 83.86510997697802, 99.74136440882026, 73.7312316174669, 104.51594529709386, 97.9760966052624, 98.80526894847529, 77.93613851571796]
8世代
rank = 0, pop_id = 0, calclation_time:69.78420996665955[sec]
pop_index = 0, scores = 124.95161076684604, rank = 0
8世代評価 : [124.95161076684604, 90.04188081444282, 58.49323692037945, 97.18926371307735, 100.32646116480264, 101.55364448777249, 74.69129742696201, 97.09915634103047, 98.13393337830654, 103.16510084237822, 61.75925775070972, 98.3158451007077, 87.17301578161245, 67.95715340088952, 97.29518922519706, 82.72628289070067, 91.45221782614934, 72.82024569258887, 104.13537234563147, 97.49667728126147, 103.23705774893676, 106.40296534347716, 71.12332514541697, 96.17812151407574, 96.9715561685557, 101.77073014725745, 92.75040446107904, 68.04605831767621, 73.37912075048021, 99.85128090386131, 85.81857882884371, 98.85288733252746, 85.19373862804791, 98.33804967541718, 66.15060436104305, 75.09846162515417, 97.98344160190423, 76.84850585359875, 100.4955553028487, 106.37302397727788, 103.68696239370063, 101.77030756418591, 91.23433432051468, 77.3575437619618, 76.87716865440265, 101.47441937776523, 92.03661534770764, 89.54573509747445, 92.20555936208743, 95.81938592768621, 87.04715936181374, 105.9052683353348, 72.3624885217898, 93.79262731513525, 106.6609019769191, 79.72553299517, 99.1688522295284, 106.32572978783874, 105.72450242908987, 92.75664867682322, 65.64295363800998, 104.09367559343615, 101.68987331986273, 101.52968804780666, 91.5677878054853, 95.99123349429173, 95.10369000388584, 106.66952593529868, 76.63609410144545, 104.01813633377279, 98.53721813073646, 100.99455380765725, 89.66680316441986, 78.07613401003992, 101.15237269351695, 88.09596157093394]
9世代
rank = 0, pop_id = 0, calclation_time:88.13687753677368[sec]
pop_index = 0, scores = 82.53061249058324, rank = 0
9世代評価 : [82.53061249058324, 106.51591552772325, 74.26884156591424, 65.00491104545823, 101.97127370670623, 91.22121266715347, 108.69015315150742, 97.47307070855501, 101.67773216901163, 106.39371676732766, 93.09505991425937, 84.42595887862724, 101.15009294548305, 95.91236632165017, 96.78433840898242, 80.65241346198363, 80.73413634310151, 99.62881429444444, 96.28772654300019, 101.60847523558571, 95.43065608244655, 103.63375171320759, 101.0311263249894, 96.03669571797454, 74.17386453116247, 88.62408740918238, 63.89901712477758, 101.33976307011861, 99.2135741231281, 101.86858270382527, 86.9418282840822, 96.90723158381292, 97.05891678564309, 62.94240558656165, 55.92641907275881, 89.49602312029265, 92.57996792988043, 92.42464205574946, 100.65759159366692, 94.21508357797322, 95.56187957074933, 101.42473173081687, 71.22755179013132, 78.1551939452213, 61.150348496565115, 94.35012161108186, 94.83672220401684, 98.69901621844613, 91.94017043626039, 100.73349218098589, 94.84232335900053, 97.99295566270071, 95.62781460024296, 96.37032365054058, 101.81246944851368, 93.42936104301369, 95.82463627003435, 104.50188609104053, 83.08352180112873, 62.43956139123775, 87.728751833694, 72.44633051807224, 102.54120188582311, 91.65478798288616, 92.08179404833821, 105.08082628173509, 69.9027775852265, 79.50274779203315, 98.78387546363369, 105.64491933076218, 101.84907492745893, 100.47531363712186, 105.6872829632342, 75.58263501216364, 99.26597144215191, 72.03617964760562]
9世代, new best [0, 0, 1, 0, 1, 1, 1, 0, 1, 0, 1, 1, 0, 0, 1, 0, 1, 0, 1, 1, 1, 1, 0, 0, 1, 1, 1, 1, 1, 1, 0, 1, 1] = 55.92641907275881
拠点利用数 : 21
10世代
rank = 0, pop_id = 0, calclation_time:125.96053385734558[sec]
pop_index = 0, scores = 104.16086676417535, rank = 0
10世代評価 : [104.16086676417535, 99.07186383865762, 92.95248636050806, 93.57274697107822, 74.49755839810813, 98.36881386965177, 101.7486390314817, 101.76504863949964, 89.88710973989632, 105.72066364034507, 81.10380972764736, 97.30506906940823, 98.86253601468628, 97.24786736782421, 91.66371557890278, 99.69220919672975, 80.62885755301895, 92.00561627746853, 105.36047061510062, 102.55773038845416, 77.27024000643594, 74.68496966287108, 75.90161582407727, 102.82569040112564, 107.34689965331354, 85.91133840988233, 95.00578319240927, 99.4878777280555, 83.36844786878855, 67.34691154502529, 79.51856453861619, 100.9876904228329, 104.22021760727827, 85.00253161917261, 101.17582894620416, 97.00247230780028, 76.60691095887994, 97.26118343537907, 76.09502518843952, 104.35777829145626, 65.40086171202614, 101.20495462365646, 94.43286521584517, 94.90048273168868, 68.94596000584384, 99.30195980565489, 85.5349008741597, 101.67436441204093, 74.7885296390792, 76.21342193111735, 100.27221024394993, 100.5085836062809, 101.17804049936757, 96.37521508914051, 104.76508005321773, 91.60525829299777, 87.15756971445722, 62.855468541093416, 93.46771636073407, 97.3762236084028, 104.77756299992495, 92.85340263996675, 96.96581398135471, 103.90478687606932, 85.20546016933136, 80.78809970252658, 99.66130936487404, 98.95816553635402, 60.350481190713424, 90.92295626671002, 74.78937806142872, 99.67584417901736, 100.99863239039155, 92.3950633466818, 53.12893291299694, 93.50347460383489]
10世代, new best [1, 0, 0, 0, 1, 1, 0, 1, 1, 1, 0, 1, 1, 1, 1, 0, 1, 1, 1, 1, 1, 0, 0, 0, 0, 1, 1, 0, 1, 1, 1, 1, 0] = 53.12893291299694
拠点利用数 : 21
11世代
rank = 0, pop_id = 0, calclation_time:126.87228584289551[sec]
pop_index = 0, scores = 103.66022424058607, rank = 0
