Popularity : [[4, 3], [14, 11], [8, 11], [5, 4], [15, 4], [3, 4], [6, 5], [4, 1], [4, 8], [3, 7], [18, 6], [6, 6], [6, 8], [6, 4], [6, 15], [10, 6], [9, 5], [5, 1], [3, 1], [12, 16], [1, 5], [3, 14], [5, 8], [3, 6], [5, 4], [7, 3], [3, 6], [5, 4], [7, 2], [12, 15], [7, 5], [3, 4], [14, 5]]
Distance : [[0.0, 184.76471524617463, 245.63590942694026, 254.6369965264278, 271.51611370229944, 109.77249200050075, 149.85659811966906, 249.56161563830284, 342.0716299256634, 178.05897899291685, 407.060192109226, 246.75899173079793, 153.48289807011074, 348.7764326900543, 143.56183336806478, 172.7917822120022, 277.1371501621535, 262.8802008520231, 330.9153970428091, 114.03946685248927, 208.90428430264421, 262.36043909095747, 364.37343481653545, 217.59825366946308, 281.4551474036316, 43.139309220245984, 230.3670983452281, 103.94229168149026, 247.16795908855175, 246.78127967899024, 204.61182761512103, 231.92455669894036, 124.25779653607253], [184.76471524617463, 0.0, 316.00158227451965, 148.73466307488647, 269.2080979465514, 109.41663493271945, 200.21238722916223, 285.70089254323307, 306.4718584144391, 130.14222988715076, 234.5548976252681, 62.22539674441618, 254.23807739990482, 171.30382365843442, 308.97249068485047, 337.3973918097175, 216.8155898453799, 277.27242920997395, 289.6014502726117, 281.1494264621573, 207.15453169071634, 117.5457357797381, 304.38462510448846, 338.11980125393427, 191.65855055279948, 194.5379140424817, 156.42570121306792, 287.8367592924851, 211.0213259365034, 292.7541630788536, 52.80151512977634, 254.37963754986365, 308.6000648088072], [245.63590942694026, 316.00158227451965, 0.0, 243.28789530101986, 110.67971810589327, 214.8697279748825, 392.7390991485314, 494.5563668582177, 179.6719232378838, 392.8282067265537, 428.3514911845178, 362.5589607222527, 397.5550276376844, 474.45547736326114, 180.56854654119581, 182.4828759089466, 189.76301009416983, 505.5699753743294, 181.60396471443016, 327.670566270454, 445.1179618932492, 292.6567955814455, 223.37636401374252, 87.69264507357501, 228.60008748904713, 288.2117277280715, 204.91949638821583, 276.34217919094436, 475.6563885831872, 39.824615503479755, 364.72592449673766, 80.44874144447506, 280.4728150819612], [254.6369965264278, 148.73466307488647, 243.28789530101986, 0.0, 155.16765126791086, 145.08618128546908, 332.77770358003255, 427.6037885706814, 166.78429182629878, 276.5736791525904, 187.57931655702342, 157.91770008456936, 375.45838650907774, 253.03161857759991, 322.8652969893172, 345.0637622237374, 77.87810988975015, 422.62276322980995, 149.12075643584967, 368.3055796482046, 352.13207749365864, 55.036351623268054, 157.20050890502867, 301.3187680845652, 43.41658669218482, 285.25251970841555, 39.20459156782532, 351.04985400937, 359.5385931996731, 207.6174366473105, 198.23723161908813, 164.00304875214974, 368.18473623983925], [271.51611370229944, 269.2080979465514, 110.67971810589327, 155.16765126791086, 0.0, 195.13328778042973, 400.38231729186043, 503.491807281906, 78.02563681252464, 374.9773326482549, 329.3098844553561, 300.8537850850476, 422.23216362565273, 405.20858826041683, 262.0477055804916, 273.00183149568795, 85.90692637965812, 507.67016851495225, 74.52516353554684, 375.6620821962206, 440.45431091090484, 209.69024774652732, 116.41735265844177, 192.76929216034384, 128.51459061133875, 313.5474445757771, 123.10158406779338, 335.6799070543246, 461.52464722915937, 71.02112361825881, 321.86487848163864, 45.09988913511872, 345.7528018686183], [109.77249200050075, 109.41663493271945, 214.8697279748825, 145.08618128546908, 195.13328778042973, 0.0, 207.60780332155147, 309.78218154051405, 253.80504329110562, 182.4636950190366, 303.63794229311986, 167.29614460590537, 238.8493248891443, 279.8303057211638, 205.4555913086816, 232.69937687926884, 176.87566254292872, 312.697937313312, 239.91039994131143, 223.22410264126944, 245.3507693079441, 155.07740002979156, 267.88430338487547, 228.98253208487324, 174.42763542512407, 141.0283659410404, 123.76186811776881, 209.34660255184463, 268.28715958837836, 198.3053201505194, 152.47294842036735, 166.96406799069075, 227.8815481779953], [149.85659811966906, 200.21238722916223, 392.7390991485314, 332.77770358003255, 400.38231729186043, 207.60780332155147, 0.0, 103.39245620450265, 461.4000433463352, 90.87353850269065, 429.67080422109206, 243.9938523815713, 64.1404708432983, 306.8941185490527, 281.4977797425763, 308.6486675817668, 381.7564668738435, 113.1591799192624, 447.3209138862166, 147.85127662620977, 65.92419889539804, 314.9920633920798, 473.5240226218729, 366.8378388334551, 370.93665227367325, 111.83022847155415, 323.88269481403296, 194.0025773024678, 111.68258592994702, 389.0115679513914, 178.89941307897016, 366.742416417845, 212.49235280357738], [249.56161563830284, 285.70089254323307, 494.5563668582177, 427.6037885706814, 503.491807281906, 309.78218154051405, 103.39245620450265, 0.0, 563.1696014523511, 157.175061635108, 500.81234010355615, 316.8106690122667, 110.8873302050329, 351.02421568888946, 370.20669902096586, 395.15313487305144, 481.5516587034043, 32.01562118716424, 548.687524917416, 213.283848427395, 80.89499366462674, 403.20962290104137, 573.3280038511986, 463.24939287601876, 467.6109494013159, 208.4034548657963, 422.45236417849526, 270.27578507887085, 105.3612832116238, 492.03658400570174, 251.23096942853203, 470.1340234443791, 284.77535005684746], [342.0716299256634, 306.4718584144391, 179.6719232378838, 166.78429182629878, 78.02563681252464, 253.80504329110562, 461.4000433463352, 563.1696014523511, 0.0, 424.7257938953084, 306.9218141481638, 324.4641736771565, 489.1952575403813, 417.0491577739967, 340.0132350365203, 350.3740857997349, 90.35485598461214, 564.2384247815811, 17.72004514666935, 449.67766233158613, 495.1040294725948, 219.6406155518601, 46.09772228646444, 265.9323222175146, 126.1269202034205, 382.83155564817275, 150.04665940966495, 412.0740224765449, 510.9060579010588, 142.61837188805654, 358.71018942873644, 123.10158406779338, 422.8344829835902], [178.05897899291685, 130.14222988715076, 392.8282067265537, 276.5736791525904, 374.9773326482549, 182.4636950190366, 90.87353850269065, 157.175061635108, 424.7257938953084, 0.0, 346.2441335243097, 160.70158679988197, 154.7384890710776, 216.04166264866598, 321.56647835245514, 350.7050042414565, 338.07099846038255, 147.13599151805107, 408.8642806604656, 223.1815404552984, 77.25283166331187, 247.45504642257754, 428.59888007319853, 387.1640479176753, 318.4022612985027, 157.09869509324386, 277.3625785862253, 256.26743843102656, 86.6083136886985, 380.0052631214468, 94.64142856064674, 349.35655139126845, 276.94223224347706], [407.060192109226, 234.5548976252681, 428.3514911845178, 187.57931655702342, 329.3098844553561, 303.63794229311986, 429.67080422109206, 500.81234010355615, 306.9218141481638, 346.2441335243097, 0.0, 186.01075237738274, 487.34484710520945, 184.4911922016875, 502.41019097944263, 526.7874334112385, 243.402958075698, 484.3222068003903, 291.34343994674055, 512.609988197655, 420.0059523387734, 150.8011936292283, 272.15069355046666, 488.86092091718683, 201.25854019146615, 425.3292842022519, 226.77080940897133, 510.4840839830366, 405.58353023760714, 390.86186818363336, 252.00793638296395, 348.0014367786432, 529.9905659537724], [246.75899173079793, 62.22539674441618, 362.5589607222527, 157.91770008456936, 300.8537850850476, 167.29614460590537, 243.9938523815713, 316.8106690122667, 324.4641736771565, 160.70158679988197, 186.01075237738274, 0.0, 303.03300150313663, 113.52973178863765, 370.1351104664349, 398.2825630127435, 234.55702931270255, 302.76063152266016, 306.86316168611705, 339.94852551526094, 235.95126615468712, 109.40292500660117, 313.4996012756635, 393.1170309208188, 200.4120754844877, 254.33245958783948, 179.2344832893492, 349.4252423623685, 227.477471412006, 335.2148564726808, 66.12110101926616, 294.0153057240388, 370.2998784768907], [153.48289807011074, 254.23807739990482, 397.5550276376844, 375.45838650907774, 422.23216362565273, 238.8493248891443, 64.1404708432983, 110.8873302050329, 489.1952575403813, 154.7384890710776, 487.34484710520945, 303.03300150313663, 0.0, 370.75328724098995, 260.8926982496827, 285.0438562747845, 415.7162493817147, 135.1332675546625, 476.53961010602256, 103.04368005850722, 118.15244390193544, 364.4969135671796, 506.43558326800064, 357.8826623350173, 410.54597793669836, 110.34491379306978, 361.1675511448945, 159.38946012832844, 164.83021567661677, 400.2449250146715, 239.38462774372127, 384.3461981079038, 174.14074767268], [348.7764326900543, 171.30382365843442, 474.45547736326114, 253.03161857759991, 405.20858826041683, 279.8303057211638, 306.8941185490527, 351.02421568888946, 417.0491577739967, 216.04166264866598, 184.4911922016875, 113.52973178863765, 370.75328724098995, 0.0, 479.6884405528238, 508.3384699194032, 330.65087327875, 328.19658742893716, 399.36950309206134, 428.5463802203911, 274.79810770818636, 198.2826265712657, 397.49842766984625, 506.62214716689994, 291.04295215655026, 348.037354317033, 282.11345235560816, 447.6438316340347, 247.07286374670934, 445.4862511907635, 144.97241116847025, 403.27162062312294, 468.87631631380145], [143.56183336806478, 308.97249068485047, 180.56854654119581, 322.8652969893172, 262.0477055804916, 205.4555913086816, 281.4977797425763, 370.20669902096586, 340.0132350365203, 321.56647835245514, 502.41019097944263, 370.1351104664349, 260.8926982496827, 479.6884405528238, 0.0, 29.410882339705484, 309.3428518650463, 389.88203344088583, 335.5964838909967, 168.24089871371942, 345.469246098694, 351.6205340989061, 376.4491997600739, 108.70602559196064, 332.3988567970714, 171.04677722775136, 287.1114766079545, 109.04127658827184, 387.01162773229436, 204.67779557147864, 339.91175325369375, 217.14741536569116, 106.10372283760829], [172.7917822120022, 337.3973918097175, 182.4828759089466, 345.0637622237374, 273.00183149568795, 232.69937687926884, 308.6486675817668, 395.15313487305144, 350.3740857997349, 350.7050042414565, 526.7874334112385, 398.2825630127435, 285.0438562747845, 508.3384699194032, 29.410882339705484, 0.0, 326.4506088216103, 415.76555893916947, 347.3326935374786, 188.85973631242842, 373.10856328956055, 376.1754909613331, 388.81486597093993, 101.6366075781753, 351.9914771695474, 199.0628041598932, 308.3699077406873, 128.86038956948718, 415.17345772580404, 211.05923339195564, 369.0596157804319, 228.84929538890873, 121.75795661885921], [277.1371501621535, 216.8155898453799, 189.76301009416983, 77.87810988975015, 85.90692637965812, 176.87566254292872, 381.7564668738435, 481.5516587034043, 90.35485598461214, 338.07099846038255, 243.402958075698, 234.55702931270255, 415.7162493817147, 330.65087327875, 309.3428518650463, 326.4506088216103, 0.0, 480.3925478189686, 73.06161783043132, 389.8025141016923, 410.48751503547584, 132.3706916201619, 91.80958555619343, 262.48809496813374, 43.174066289845804, 314.5600101729398, 60.876925020897694, 361.04985805287333, 423.60476862282843, 150.57224179774968, 268.7545348454608, 110.39021695784459, 375.13330963805384], [262.8802008520231, 277.27242920997395, 505.5699753743294, 422.62276322980995, 507.67016851495225, 312.697937313312, 113.1591799192624, 32.01562118716424, 564.2384247815811, 147.13599151805107, 484.3222068003903, 302.76063152266016, 135.1332675546625, 328.19658742893716, 389.88203344088583, 415.76555893916947, 480.3925478189686, 0.0, 549.1930443842128, 238.17010727629108, 70.49113419430843, 394.55417878917467, 571.8478818706947, 479.2128963206228, 463.72944698390677, 223.6000894454204, 420.4057563830448, 293.38370779578065, 81.15417426109393, 500.62460986251966, 238.43657437566074, 476.3412642213563, 309.0016181187406], [330.9153970428091, 289.6014502726117, 181.60396471443016, 149.12075643584967, 74.52516353554684, 239.91039994131143, 447.3209138862166, 548.687524917416, 17.72004514666935, 408.8642806604656, 291.34343994674055, 306.86316168611705, 476.53961010602256, 399.36950309206134, 335.5964838909967, 347.3326935374786, 73.06161783043132, 549.1930443842128, 0.0, 439.84088031923545, 479.82705217609396, 201.92077654367318, 42.05948168962618, 266.31184727683444, 108.41586599755591, 371.1091483647365, 133.2216198670471, 403.93687625667457, 494.88685575593945, 143.17122615944868, 341.7089404741995, 118.6086000254619, 415.3949927478664], [114.03946685248927, 281.1494264621573, 327.670566270454, 368.3055796482046, 375.6620821962206, 223.22410264126944, 147.85127662620977, 213.283848427395, 449.67766233158613, 223.1815404552984, 512.609988197655, 339.94852551526094, 103.04368005850722, 428.5463802203911, 168.24089871371942, 188.85973631242842, 389.8025141016923, 238.17010727629108, 439.84088031923545, 0.0, 212.51352898109803, 372.63386856269517, 475.14734556766706, 273.1483113621609, 395.4566980087706, 87.28115489611719, 344.37189200049414, 60.00833275470999, 259.13124087998347, 338.89526405661087, 285.4277491765648, 333.0345327439784, 71.7007670809734], [208.90428430264421, 207.15453169071634, 445.1179618932492, 352.13207749365864, 440.45431091090484, 245.3507693079441, 65.92419889539804, 80.89499366462674, 495.1040294725948, 77.25283166331187, 420.0059523387734, 235.95126615468712, 118.15244390193544, 274.79810770818636, 345.469246098694, 373.10856328956055, 410.48751503547584, 70.49113419430843, 479.82705217609396, 212.51352898109803, 0.0, 324.6074552440224, 501.7897966280303, 426.38011210655685, 393.28869803237416, 174.56230979223437, 350.3055808861743, 259.9249891795708, 46.95742752749558, 437.36026339849394, 170.51979357247652, 410.8454697328425, 278.32534918688236], [262.36043909095747, 117.5457357797381, 292.6567955814455, 55.036351623268054, 209.69024774652732, 155.07740002979156, 314.9920633920798, 403.20962290104137, 219.6406155518601, 247.45504642257754, 150.8011936292283, 109.40292500660117, 364.4969135671796, 198.2826265712657, 351.6205340989061, 376.1754909613331, 132.3706916201619, 394.55417878917467, 201.92077654367318, 372.63386856269517, 324.6074552440224, 0.0, 204.88289338058462, 343.6771741038383, 93.60555539069249, 286.2481440987871, 88.76936408468859, 364.12772484390695, 325.7376244771242, 258.72379094316005, 160.0781059358212, 215.1278689523977, 382.90599368513415], [364.37343481653545, 304.38462510448846, 223.37636401374252, 157.20050890502867, 116.41735265844177, 267.88430338487547, 473.5240226218729, 573.3280038511986, 46.09772228646444, 428.59888007319853, 272.15069355046666, 313.4996012756635, 506.43558326800064, 397.49842766984625, 376.4491997600739, 388.81486597093993, 91.80958555619343, 571.8478818706947, 42.05948168962618, 475.14734556766706, 501.7897966280303, 204.88289338058462, 0.0, 308.3585575267857, 113.81124724736128, 403.3422864020087, 151.48927354766738, 441.5653971950248, 513.5172830587107, 185.16209115258988, 355.0464758309819, 159.9656213065795, 453.76645975655805], [217.59825366946308, 338.11980125393427, 87.69264507357501, 301.3187680845652, 192.76929216034384, 228.98253208487324, 366.8378388334551, 463.24939287601876, 265.9323222175146, 387.1640479176753, 488.86092091718683, 393.1170309208188, 357.8826623350173, 506.62214716689994, 108.70602559196064, 101.6366075781753, 262.48809496813374, 479.2128963206228, 266.31184727683444, 273.1483113621609, 426.38011210655685, 343.6771741038383, 308.3585575267857, 0.0, 296.33089612796033, 255.62472493872733, 262.17932794177347, 215.8077848456816, 463.1382083136739, 123.36936410632909, 380.42213395122, 153.68148880070103, 214.67417171145672], [281.4551474036316, 191.65855055279948, 228.60008748904713, 43.41658669218482, 128.51459061133875, 174.42763542512407, 370.93665227367325, 467.6109494013159, 126.1269202034205, 318.4022612985027, 201.25854019146615, 200.4120754844877, 410.54597793669836, 291.04295215655026, 332.3988567970714, 351.9914771695474, 43.174066289845804, 463.72944698390677, 108.41586599755591, 395.4566980087706, 393.28869803237416, 93.60555539069249, 113.81124724736128, 296.33089612796033, 0.0, 315.37279527568637, 51.088159097779204, 372.7425384900414, 402.0808376433774, 190.26297590440447, 241.58021442162848, 148.22280526288793, 388.4958172233004], [43.139309220245984, 194.5379140424817, 288.2117277280715, 285.25251970841555, 313.5474445757771, 141.0283659410404, 111.83022847155415, 208.4034548657963, 382.83155564817275, 157.09869509324386, 425.3292842022519, 254.33245958783948, 110.34491379306978, 348.037354317033, 171.04677722775136, 199.0628041598932, 314.5600101729398, 223.6000894454204, 371.1091483647365, 87.28115489611719, 174.56230979223437, 286.2481440987871, 403.3422864020087, 255.62472493872733, 315.37279527568637, 0.0, 264.51843035977663, 101.01980003939822, 216.11339616044165, 289.917229567337, 203.2953516438583, 274.60881267723363, 122.20065466273084], [230.3670983452281, 156.42570121306792, 204.91949638821583, 39.20459156782532, 123.10158406779338, 123.76186811776881, 323.88269481403296, 422.45236417849526, 150.04665940966495, 277.3625785862253, 226.77080940897133, 179.2344832893492, 361.1675511448945, 282.11345235560816, 287.1114766079545, 308.3699077406873, 60.876925020897694, 420.4057563830448, 133.2216198670471, 344.37189200049414, 350.3055808861743, 88.76936408468859, 151.48927354766738, 262.17932794177347, 51.088159097779204, 264.51843035977663, 0.0, 322.3678023624568, 362.7630080369276, 170.13524032369074, 208.72230355187247, 126.49110640673517, 338.4981536138713], [103.94229168149026, 287.8367592924851, 276.34217919094436, 351.04985400937, 335.6799070543246, 209.34660255184463, 194.0025773024678, 270.27578507887085, 412.0740224765449, 256.26743843102656, 510.4840839830366, 349.4252423623685, 159.38946012832844, 447.6438316340347, 109.04127658827184, 128.86038956948718, 361.04985805287333, 293.38370779578065, 403.93687625667457, 60.00833275470999, 259.9249891795708, 364.12772484390695, 441.5653971950248, 215.8077848456816, 372.7425384900414, 101.01980003939822, 322.3678023624568, 0.0, 305.2212312405544, 291.7344683097971, 302.67143902258107, 291.48070262025925, 21.2602916254693], [247.16795908855175, 211.0213259365034, 475.6563885831872, 359.5385931996731, 461.52464722915937, 268.28715958837836, 111.68258592994702, 105.3612832116238, 510.9060579010588, 86.6083136886985, 405.58353023760714, 227.477471412006, 164.83021567661677, 247.07286374670934, 387.01162773229436, 415.17345772580404, 423.60476862282843, 81.15417426109393, 494.88685575593945, 259.13124087998347, 46.95742752749558, 325.7376244771242, 513.5172830587107, 463.1382083136739, 402.0808376433774, 216.11339616044165, 362.7630080369276, 305.2212312405544, 0.0, 464.7590773723521, 166.0903368652132, 435.2436099473489, 324.0308627276112], [246.78127967899024, 292.7541630788536, 39.824615503479755, 207.6174366473105, 71.02112361825881, 198.3053201505194, 389.0115679513914, 492.03658400570174, 142.61837188805654, 380.0052631214468, 390.86186818363336, 335.2148564726808, 400.2449250146715, 445.4862511907635, 204.67779557147864, 211.05923339195564, 150.57224179774968, 500.62460986251966, 143.17122615944868, 338.89526405661087, 437.36026339849394, 258.72379094316005, 185.16209115258988, 123.36936410632909, 190.26297590440447, 289.917229567337, 170.13524032369074, 291.7344683097971, 464.7590773723521, 0.0, 343.27394308336306, 43.657759905886145, 298.45770219580527], [204.61182761512103, 52.80151512977634, 364.72592449673766, 198.23723161908813, 321.86487848163864, 152.47294842036735, 178.89941307897016, 251.23096942853203, 358.71018942873644, 94.64142856064674, 252.00793638296395, 66.12110101926616, 239.38462774372127, 144.97241116847025, 339.91175325369375, 369.0596157804319, 268.7545348454608, 238.43657437566074, 341.7089404741995, 285.4277491765648, 170.51979357247652, 160.0781059358212, 355.0464758309819, 380.42213395122, 241.58021442162848, 203.2953516438583, 208.72230355187247, 302.67143902258107, 166.0903368652132, 343.27394308336306, 0.0, 305.88396492787916, 323.90430685620714], [231.92455669894036, 254.37963754986365, 80.44874144447506, 164.00304875214974, 45.09988913511872, 166.96406799069075, 366.742416417845, 470.1340234443791, 123.10158406779338, 349.35655139126845, 348.0014367786432, 294.0153057240388, 384.3461981079038, 403.27162062312294, 217.14741536569116, 228.84929538890873, 110.39021695784459, 476.3412642213563, 118.6086000254619, 333.0345327439784, 410.8454697328425, 215.1278689523977, 159.9656213065795, 153.68148880070103, 148.22280526288793, 274.60881267723363, 126.49110640673517, 291.48070262025925, 435.2436099473489, 43.657759905886145, 305.88396492787916, 0.0, 301.09965127844305], [124.25779653607253, 308.6000648088072, 280.4728150819612, 368.18473623983925, 345.7528018686183, 227.8815481779953, 212.49235280357738, 284.77535005684746, 422.8344829835902, 276.94223224347706, 529.9905659537724, 370.2998784768907, 174.14074767268, 468.87631631380145, 106.10372283760829, 121.75795661885921, 375.13330963805384, 309.0016181187406, 415.3949927478664, 71.7007670809734, 278.32534918688236, 382.90599368513415, 453.76645975655805, 214.67417171145672, 388.4958172233004, 122.20065466273084, 338.4981536138713, 21.2602916254693, 324.0308627276112, 298.45770219580527, 323.90430685620714, 301.09965127844305, 0.0]]
0世代
rank = 0, pop_id = 0, calclation_time:122.72989773750305[sec]
pop_index = 0, scores = 99.71693334393956, rank = 0
0世代評価 : [99.71693334393956, 99.9043927453329, 84.3408803930807, 93.91001679274713, 102.75571853017662, 74.81856692527359, 88.64117618420428, 96.05723087925453, 90.58840828667506, 94.07612812131299, 98.43445864496799, 87.86427155315532, 91.0092218135355, 87.72031732685672, 96.83099799471132, 111.20589339125488, 94.18768750285325, 103.44539368668114, 98.49264814153302, 111.88420865747992, 94.91641062296758, 92.16553779974132, 95.19344916770913, 110.84343238755658, 98.29678664480754, 103.69010989464545, 99.4978038788084, 92.83988734496852, 82.4289351772274, 76.58093014559898, 98.51210714756913, 102.36772867726471, 81.13761929337184, 96.34587733485438, 105.02986084995375, 97.30532668384008, 97.95643665117714, 90.994898979555, 97.13831568406216, 83.00168730352716, 68.55213082479075, 91.19837107895822, 81.93313529677786, 83.34473075322651, 117.3907211268707, 107.88542469098704, 100.23148142208811, 86.43116436666662, 96.59368126767056, 82.77898360234789, 97.25598187376394, 101.26260765137047, 90.72027079877027, 91.08739205017477, 95.36556827289505, 99.06525262316333, 92.04093532623372, 108.37666718552475, 95.19631923389169, 83.00929153191915, 99.91743689539449, 105.43743741493127, 93.67993427202788, 102.20338636631821, 96.42181316115858, 66.88754283351469, 96.50950554986504, 121.8441124238432, 104.79639018849038, 106.11883676174983, 117.68500040765193, 96.05085636435143, 93.56908560392048, 87.81769067072271, 79.93443914907922, 64.16231651118979]
0世代, new best [1, 0, 0, 1, 1, 0, 1, 0, 0, 0, 0, 1, 1, 1, 1, 1, 0, 1, 1, 1, 1, 1, 0, 0, 0, 0, 1, 1, 1, 1, 1, 1, 0] = 99.71693334393956
拠点利用数 : 20
0世代, new best [1, 1, 0, 1, 0, 1, 1, 0, 1, 1, 1, 1, 1, 1, 1, 1, 1, 1, 0, 1, 1, 0, 1, 1, 0, 1, 1, 1, 0, 0, 1, 0, 1] = 93.91001679274713
拠点利用数 : 24
0世代, new best [1, 0, 0, 1, 0, 0, 1, 1, 0, 0, 1, 1, 1, 1, 1, 1, 1, 0, 0, 1, 1, 0, 1, 1, 0, 1, 1, 1, 0, 1, 1, 0, 1] = 74.81856692527359
拠点利用数 : 21
0世代, new best [1, 0, 1, 1, 1, 0, 1, 0, 1, 0, 1, 1, 1, 0, 0, 1, 1, 1, 1, 1, 1, 0, 1, 0, 1, 1, 1, 1, 1, 1, 1, 0, 0] = 68.55213082479075
拠点利用数 : 23
0世代, new best [1, 1, 1, 1, 1, 1, 1, 0, 1, 1, 1, 1, 1, 1, 0, 0, 0, 0, 1, 0, 1, 1, 0, 0, 0, 1, 1, 1, 1, 1, 0, 1, 1] = 66.88754283351469
拠点利用数 : 23
0世代, new best [0, 1, 1, 1, 1, 1, 0, 1, 1, 1, 0, 1, 0, 0, 0, 0, 1, 1, 1, 1, 0, 1, 1, 0, 1, 1, 1, 1, 1, 1, 0, 1, 0] = 64.16231651118979
拠点利用数 : 22
1世代
rank = 0, pop_id = 0, calclation_time:131.6125590801239[sec]
pop_index = 0, scores = 101.08829343068558, rank = 0
1世代評価 : [101.08829343068558, 93.32391184389374, 95.03127389231028, 92.18292515075277, 93.43583090957986, 89.05837540566641, 76.01376873901417, 96.16711969121893, 98.25988441628807, 82.460396300815, 118.86577457074878, 103.61551141542947, 96.92855572625547, 102.21556006025416, 97.22415958514802, 99.49825889059701, 92.48384153459035, 95.48998431637165, 97.85589480855626, 89.86416795115169, 97.29745718200869, 68.47642812497011, 85.72520221732862, 102.77311969898378, 102.59364940231126, 102.73619160941679, 97.88543713974067, 99.19174706560977, 91.82274548544567, 94.0069949109464, 95.2143548523223, 90.47756451637056, 96.29559871886426, 106.39378634804125, 92.4537882445958, 90.54710066000382, 67.73206576766559, 98.63542399829504, 88.68983907679869, 92.91888728578768, 103.27083733253386, 102.0816511990131, 100.53597017766668, 100.2013087314415, 93.46617438061787, 100.65484512559867, 80.95382382284978, 68.38022579574046, 69.36529933988761, 95.36918969995195, 108.85495020609682, 100.22545938527801, 94.75500324773354, 94.54998382594526, 95.35018904074747, 99.9831005145908, 105.24877755937548, 87.63454863079441, 89.44344637097429, 93.27353375738345, 108.43834013622126, 100.67840089492924, 90.57456174419359, 101.00581926414543, 99.82375953943871, 93.83488780479951, 88.84332490819058, 100.12664543294159, 95.1286039498482, 99.99507800251213, 97.18832154047534, 94.4454777177216, 72.36301153171223, 94.06476037890145, 111.0740931115056, 110.84958996513964]
2世代
rank = 0, pop_id = 0, calclation_time:136.85610461235046[sec]
pop_index = 0, scores = 86.71530989966756, rank = 0
2世代評価 : [86.71530989966756, 98.89137482409274, 91.8230348617677, 83.97479586257994, 98.49732862233735, 84.05661562761433, 86.09743556326535, 109.02392501706677, 105.90774377992854, 100.60136565732999, 96.59271464369174, 107.5468244737032, 100.42605915523106, 96.10146175653752, 97.00941838480445, 102.17722862156297, 84.982079281476, 82.32892082905371, 76.73324315884301, 113.90147042830029, 96.4028008465432, 99.3794062477236, 96.44955773597651, 98.13763403130895, 65.62422882963037, 89.94430085591284, 65.74947287692466, 99.36619348932173, 97.66169164462892, 116.8505177401818, 120.49187487856106, 94.95725755467765, 96.5439817385104, 98.90687410589823, 94.31452875621058, 94.72076177465945, 97.76387645315532, 65.8852054860077, 95.77716928315046, 84.24142217604451, 93.93214379171046, 100.7690347264005, 71.3685969738405, 62.46131206396549, 115.72345433153556, 115.55988578570403, 103.20643934318349, 81.55467167871006, 90.28597914977813, 98.83463227662587, 102.60567878803639, 94.01013535717156, 89.17198360141018, 100.87411541302639, 107.83460870663751, 107.91482186051726, 98.91487330166373, 102.15850491933347, 99.25808458296673, 100.86408460434787, 97.82780805827626, 67.1550884629774, 88.87173109069224, 90.64645209910665, 106.29896691940695, 89.00703325743213, 102.3255236087351, 72.75494887252498, 91.93977216592432, 86.22562283353957, 98.54588296566776, 110.56327702578697, 97.56485385479833, 98.57547184661382, 102.78137041418223, 85.0207623749668]
2世代, new best [1, 1, 0, 1, 0, 1, 1, 0, 0, 1, 1, 0, 1, 1, 0, 1, 1, 0, 0, 1, 1, 0, 1, 1, 1, 0, 1, 0, 0, 1, 1, 0, 1] = 62.46131206396549
拠点利用数 : 20
3世代
rank = 0, pop_id = 0, calclation_time:130.3440544605255[sec]
pop_index = 0, scores = 98.6818853356895, rank = 0
3世代評価 : [98.6818853356895, 85.25717300427428, 81.30777748959073, 98.2351910485311, 81.95563428654549, 104.68442192279224, 118.1115067007467, 114.04162140593449, 98.76006734259835, 100.16036349922611, 100.15692472502674, 100.32088546889418, 90.30286015329368, 108.28440828644155, 109.28025166034138, 96.81641290614046, 98.12859101552587, 68.56913196601396, 113.83433477464591, 69.30294640114741, 75.8834828486555, 89.11350286070154, 106.40419482164764, 96.18426765648344, 101.05328647429342, 67.14882311653072, 103.09828715283292, 99.55221108390629, 84.6425142752337, 115.35040212227347, 100.24935930110189, 119.56828824327964, 85.35255205650145, 93.10993120595774, 66.38461126014367, 104.7950091389715, 93.34691339579679, 96.7270655207634, 93.92132102815606, 99.07549350680499, 111.16137566907658, 94.87521874025565, 99.5979205281823, 94.61487095877455, 103.79563143326767, 131.8508037024368, 97.07625351319061, 95.84417272317665, 101.14188150900145, 103.24338343848449, 92.37996725842324, 97.10382158692343, 97.10133695180883, 99.35679552858893, 61.15179319832774, 98.74639439570831, 94.71728138284739, 90.27002652408859, 95.36504763880956, 88.97232116879508, 93.69089289291237, 73.42780245997892, 109.35905310205735, 74.2074599328, 118.52367691327268, 95.64288047400899, 98.10578648734648, 122.75805968630355, 114.56655927120437, 103.74979357155728, 85.8995375010505, 93.793207101529, 101.15881180517158, 97.51187654005544, 103.13341274712214, 91.54829246991889]
4世代
rank = 0, pop_id = 0, calclation_time:105.85595178604126[sec]
pop_index = 0, scores = 112.02280416918865, rank = 0
4世代評価 : [112.02280416918865, 70.38938173464541, 91.38008112516488, 69.15521939706571, 103.57057523690482, 128.62490728554835, 101.25009773411966, 112.2544343009595, 91.18720839242569, 101.26175226762687, 129.1883759822181, 103.41198598880439, 93.39387379836029, 97.74044496598617, 68.76578374678, 102.30747164360436, 101.62180095057647, 67.40732793463316, 91.81213687327349, 93.9491682172147, 71.54279651911047, 100.45030828631207, 92.74055001250743, 104.54592180937061, 72.45389166001472, 98.93147994200416, 80.86949197254071, 112.62780992684148, 95.0246637333646, 89.62582402865685, 99.98290336550063, 100.86181212152972, 70.35860551856089, 116.58402829777515, 99.63140911351567, 69.22308797913225, 90.65657610730105, 66.97635491685257, 94.31823475033309, 89.87491943536352, 70.58471457909394, 99.88559553533663, 85.46960050175103, 93.61648145914405, 100.99492157011477, 104.86444888344094, 105.98169279107327, 101.93568069519426, 94.2710391647832, 77.06548849783807, 115.88633829620389, 85.30135692514082, 95.66234662931231, 98.06607746267694, 94.45190943095622, 102.63761468416122, 110.72881217023314, 68.35904596034297, 95.28630966298044, 110.44068204085868, 90.52480751017613, 96.54230850328298, 87.88632864551401, 101.10454815624152, 101.89293998327518, 84.92058318149417, 95.89392901708364, 96.12939683860823, 94.75407890248395, 115.36437560867324, 97.90784265994307, 94.53134250775034, 94.2142727125236, 93.44994329761764, 87.14480892091015, 93.61697144860543]
5世代
rank = 0, pop_id = 0, calclation_time:105.32319259643555[sec]
pop_index = 0, scores = 110.5258263531986, rank = 0
5世代評価 : [110.5258263531986, 103.20695313571233, 83.03186573051086, 97.28408129296817, 69.20637085551594, 103.31566279707222, 98.5189815400619, 95.75273218120064, 93.2161194564641, 99.11082412360152, 112.25446480891102, 102.87434215047125, 89.53047252277486, 102.88958764584235, 105.39778729971165, 78.72723889805391, 96.78138132238405, 101.53881702614578, 109.61584512897298, 110.97711239507248, 105.39177580608805, 74.48791210323307, 82.65995622703664, 94.9312709110572, 92.53981608680337, 108.32884443441012, 106.06498821213987, 101.7680846006359, 92.18863216900397, 104.22239316673432, 111.50625661906648, 79.07668050545429, 94.34045582730961, 71.29799996022015, 101.04504449571421, 100.54389864151099, 99.8633328205893, 93.13201027883073, 98.02740264186215, 96.77630144272071, 119.41150746432378, 99.06378331654732, 94.69370557892033, 61.932077839830555, 100.71966517533633, 68.94886356386228, 127.77600754160842, 70.34274557571817, 93.27854274433965, 94.44426425149598, 96.97033211718097, 71.85058066103826, 95.22655449527558, 102.92171896811915, 113.10142605695263, 109.27467610508755, 103.17278764018691, 84.17334910908002, 96.0652301817289, 94.93152827789561, 102.47834638977831, 102.59901324089262, 97.54507418983192, 101.07149876315675, 99.92569049785878, 85.14257230427815, 83.98235986418156, 100.54574312671384, 92.38723615471291, 93.34651427931902, 88.52744349686753, 98.84917085245335, 90.22479530219964, 71.4673103362347, 93.41824698414253, 98.08044075238419]
6世代
rank = 0, pop_id = 0, calclation_time:129.66864228248596[sec]
pop_index = 0, scores = 83.31991580935657, rank = 0
6世代評価 : [83.31991580935657, 73.54258621042169, 94.69566532483776, 99.12483036413857, 103.2953999671815, 106.6014514682731, 97.66993346982542, 93.46373862764894, 88.42707622712624, 82.82121160694186, 92.34544937987324, 96.333904915749, 106.26419390728985, 68.53585836788372, 91.83002507263348, 102.47974807898461, 93.92441329570617, 74.03822414199107, 88.19741257822156, 97.03644923620733, 96.96139107746156, 98.81960694117613, 104.36164865520533, 102.3707875972853, 92.80778040105193, 80.29514251655719, 103.06697675416096, 100.42651834945735, 103.68097657070376, 139.7896382274847, 104.97504804560111, 93.83426980653633, 97.02056096483602, 89.1888677070342, 96.07206774473684, 104.2551982875883, 101.25586582058017, 96.24837474562985, 84.39084482050356, 87.29301625228942, 98.72373739547193, 71.25075787826722, 92.54767772985566, 112.66347332401327, 103.61475051344125, 89.23666870122047, 100.94181422851895, 102.62427289166996, 92.92357477283208, 99.93379268176858, 105.37901333308896, 94.50603716467728, 93.86782026017721, 96.31133555652323, 102.18033191780358, 70.89706158054325, 94.19803747164626, 109.06463404546595, 105.48368491354967, 68.96480465412834, 77.10136750933401, 101.35347991958628, 101.56555465739258, 88.91482183509883, 85.19889559939612, 104.3912590862219, 93.57989116864795, 91.0674294508344, 107.32093139590104, 91.86331085628012, 94.69155719694808, 109.02029657948765, 89.66644754567324, 100.3455402934943, 93.65852515065767, 90.6302058420697]
7世代
rank = 0, pop_id = 0, calclation_time:130.05900812149048[sec]
pop_index = 0, scores = 99.29231062609624, rank = 0
7世代評価 : [99.29231062609624, 86.03154522773121, 85.93397175285743, 91.7677368782969, 96.26925815617506, 129.2668964739301, 100.52757081476899, 64.61514156671623, 100.8530808964124, 90.09915885999068, 95.25085552406793, 102.19525387039968, 79.33063485245187, 104.89446575623121, 86.77347903198094, 92.71504764747372, 96.90884303793594, 63.46862366255736, 99.90444002941786, 101.79391330337106, 95.883229417647, 90.44758414690168, 99.44170151507062, 102.64824734875258, 103.92512475354462, 90.88676037554467, 100.03212752259678, 90.15182319459278, 109.5484782227997, 102.90008860733867, 91.14387904136339, 123.58596530148156, 98.79972533993752, 97.12587076266402, 93.81820852264504, 98.97881501278007, 103.91938479197576, 105.71314546819897, 97.07941953977567, 98.4006210812043, 93.08524936795337, 105.0704295682301, 107.0865814918176, 136.07131677174692, 98.07905086363625, 100.17238628690994, 100.64537164809893, 100.52383327902194, 98.79125977387982, 106.12175581561664, 102.98007825407652, 98.98441971119638, 88.20969748797094, 100.23200935037187, 91.09980043620814, 99.35447194597735, 105.91501031692407, 111.26974859585664, 109.87550776166354, 100.5684575652502, 88.45200887927578, 95.27435236964187, 91.65516289285078, 99.5644054795231, 92.37464434274793, 97.23754842159586, 108.7063949440123, 96.18264753255107, 73.71059137700816, 102.68891769601215, 109.80086238311547, 104.11215486131653, 98.76603505308643, 96.78620947132187, 92.96224439401558, 105.85087264340119]
8世代
rank = 0, pop_id = 0, calclation_time:123.72100830078125[sec]
pop_index = 0, scores = 101.8041505654418, rank = 0
8世代評価 : [101.8041505654418, 110.78607708388374, 96.17106219750372, 79.60577909028443, 98.87979963869276, 96.16862134043475, 65.35603413674986, 96.05931760254722, 103.39724829748633, 98.1667250502777, 100.21967415037656, 102.75127509829778, 99.18520738041907, 100.40918511101705, 79.63851158197, 100.29146043319662, 95.56326449386202, 105.60855278477077, 96.44649840134498, 97.08891950396865, 101.70104879599333, 88.80438394305187, 95.97311077746305, 102.93630285596352, 114.78658314437598, 106.01227844039359, 98.8972110264646, 104.49980872281589, 117.67465375363342, 74.99546250596833, 108.32198554571954, 95.18852777563369, 107.27329106266063, 89.90424869689774, 84.35961196253585, 103.35811030325169, 108.01194757060523, 75.36798797915955, 105.80958196954552, 92.59438568282512, 98.57570124058051, 97.04247300390652, 98.100422474518, 93.49686994790831, 114.05224305497846, 94.60342975160191, 95.06449420893267, 100.32234960930835, 76.26427566398219, 102.99502734220718, 94.5986760160587, 71.40240373433882, 66.23848208865805, 95.44569474632333, 76.89840017086733, 106.3031488015668, 83.20676787175145, 100.8179967883448, 97.6250573368484, 102.8734358754618, 106.62026287631785, 94.60124034180124, 109.34176638963135, 102.85881518095064, 108.07883302382284, 81.83399642525438, 93.59197781038824, 103.80953400122574, 100.43815670217387, 103.48806309268068, 106.02022785266855, 78.07772977608455, 72.88752478699887, 100.66556296173717, 98.17675858291119, 102.32919573707167]
9世代
rank = 0, pop_id = 0, calclation_time:150.32485342025757[sec]
pop_index = 0, scores = 95.1847470722066, rank = 0
9世代評価 : [95.1847470722066, 94.00402981134242, 98.68012750569316, 99.18555243067277, 95.5926593616742, 111.22274183406023, 115.16841999194831, 101.06468923139363, 70.42657558056207, 93.52377471296604, 106.97958278137435, 114.78874876457459, 85.95850998078475, 97.19114268146275, 92.15730616100298, 99.88253098272476, 99.34493206796515, 99.52111781583615, 94.61445551641084, 96.90291311374229, 57.222939424502506, 98.8186649275892, 100.77872786540142, 94.43324380273354, 104.95048292874611, 107.22345688619558, 115.0532686716698, 108.09906929676332, 96.54463741086394, 99.02434126545758, 92.80467115208207, 98.18900148807019, 103.27330067475485, 108.26982973306723, 121.24669231442938, 98.63899323238378, 79.6076935341567, 108.00207626192505, 84.8347059158676, 96.40623932009267, 93.60151186737784, 112.76316870725434, 114.5082733216622, 94.66209163265911, 68.16185423024987, 97.4532817937156, 89.37718313751338, 96.41878895338226, 99.07123319381566, 93.68562654408908, 102.38514395467196, 125.22025485712952, 85.03485905877503, 119.35493756044399, 94.52907668693737, 93.61797975303975, 56.53329878472708, 60.71641493749343, 103.77494782027472, 88.27205192186565, 93.97006471028281, 103.0863840707298, 104.23242856493695, 83.3133695856699, 94.49294161908345, 102.76521090546386, 90.99293130837441, 90.79958378597064, 97.96950209004154, 73.95006351536794, 90.65972829325119, 99.84363253819144, 106.42360957449687, 91.61232210722673, 99.33920107213979, 99.0024380538978]
10世代
rank = 0, pop_id = 0, calclation_time:125.46483135223389[sec]
pop_index = 0, scores = 103.23198126197876, rank = 0
10世代評価 : [103.23198126197876, 92.34156405476874, 98.25257257314796, 95.9507137575006, 94.78577225622877, 99.58619322755386, 93.20728423628084, 103.79185135666597, 94.1966331152005, 67.1133162836464, 92.97258041499012, 59.93446358342727, 99.73149951402783, 95.64557681999328, 97.30921253060534, 102.40410383845456, 114.37604691808308, 96.10688387942788, 128.81572851511322, 109.5036862224911, 88.11222587716674, 96.3448140902266, 94.0321567013606, 70.69476464439272, 93.68272031441252, 144.57313912265613, 90.80491266163864, 94.46065822845195, 114.98566596693053, 99.7419846671755, 93.79022749070205, 75.71326370086251, 101.04830508984718, 72.73589103931853, 98.26158522390313, 90.19346676168291, 96.45416629770686, 74.71756600332982, 115.09757242085766, 92.94834894915736, 92.11325516470575, 100.07702226034246, 103.38031629213208, 91.76522026529373, 99.84266873255945, 67.40308990911966, 89.72430733446694, 97.66265901046215, 94.8012531962735, 103.30861179037946, 103.19278673019878, 108.60952244146992, 101.87053706033254, 80.34909661629368, 67.16777431183895, 100.77071666713064, 97.64892671836641, 89.09932990925932, 94.7530719689005, 101.20377104467971, 99.67300664079164, 111.1775519290351, 60.82504552056871, 106.23694296297766, 87.56925784976026, 106.23835899667543, 73.2178207436307, 109.81200531143236, 68.15124925628682, 98.08856811606437, 105.58358206869536, 117.05474754561745, 103.92545212566722, 93.82958552587179, 102.58683230360069, 107.58395374758965]
10世代, new best [1, 1, 0, 1, 0, 1, 0, 0, 1, 1, 1, 0, 1, 1, 0, 0, 0, 1, 1, 1, 1, 0, 1, 1, 0, 0, 1, 0, 1, 0, 1, 1, 1] = 59.93446358342727
拠点利用数 : 20
11世代
rank = 0, pop_id = 0, calclation_time:138.97334551811218[sec]
pop_index = 0, scores = 90.90055887764558, rank = 0
