Popularity : [[10, 15], [4, 6], [15, 1], [16, 10], [5, 4], [3, 3], [4, 6], [4, 4], [3, 4], [3, 5], [5, 3], [4, 2], [7, 4], [9, 5], [4, 4], [4, 7], [8, 6], [9, 5], [16, 13], [6, 14], [5, 14], [3, 2], [13, 3], [13, 15], [5, 8], [5, 7], [4, 14], [7, 10], [8, 6], [4, 2], [4, 6], [5, 9], [14, 7]]
Distance : [[0.0, 155.56991997169632, 168.24089871371942, 167.17057157286985, 131.71180660821565, 266.8332812825267, 140.22838514366484, 208.65521800328887, 309.864486509829, 256.67294364618954, 292.5645227979633, 324.7845439672276, 67.26812023536856, 128.70508925446578, 402.6474885057648, 133.6899397860587, 448.0011160700384, 90.60905032059435, 48.84669896727925, 95.51963149007642, 164.04877323527901, 153.79206741571556, 88.14193099768123, 135.14806694880988, 199.1004771465905, 117.71151175649729, 271.41296947640507, 294.4978777512666, 389.61647809095547, 160.01562423713506, 141.77799547179387, 105.32331175955302, 248.8453334905037], [155.56991997169632, 0.0, 42.43819034784589, 234.0, 208.27385817716058, 112.89818421923357, 105.08092119885512, 190.66462702871763, 331.15857228826195, 130.24976007655445, 138.67948658687772, 190.4442175546425, 88.52683209061533, 36.345563690772494, 341.9839177505281, 38.118237105091836, 294.5929394944828, 246.0894146443524, 180.0999722376436, 142.55525244620065, 296.23301639081353, 302.04966479041155, 223.70739817896055, 208.86598574205422, 167.2154299100415, 242.7055829600959, 257.1633721975196, 266.9026039588224, 234.06195760951843, 41.72529209005013, 176.81911661356077, 250.2658586383688, 109.37092849564732], [168.24089871371942, 42.43819034784589, 0.0, 270.06850982667345, 242.00206610688264, 104.04326023342406, 145.96232390586277, 153.9415473483361, 372.83910739084223, 161.91973320136123, 128.68954891520912, 215.1278689523977, 102.95630140987001, 73.49829930005184, 381.80885269988175, 34.92849839314596, 298.9314302645341, 257.73047937719747, 181.79383927955314, 176.02556632489498, 321.16195291472496, 320.66337489647924, 246.06503205453635, 243.0514348857048, 209.57576195734086, 268.4939477902621, 299.5797055876783, 309.2507073556987, 229.71286424577968, 8.48528137423857, 153.06207890917986, 269.9814808463721, 81.02468759581859], [167.17057157286985, 234.0, 270.06850982667345, 0.0, 35.4682957019364, 334.6072324382723, 136.12494260788506, 366.28540784475706, 147.24808997063425, 251.58895047279003, 358.15639042183795, 311.62316987027776, 187.0320828093405, 198.0631212517868, 286.09963299522076, 240.0270818053663, 464.7074348447634, 181.51583952922675, 212.30167215544958, 95.34149149242423, 121.43310915891102, 166.0903368652132, 112.27199116431488, 32.202484376209235, 123.79418403139947, 91.44397191723465, 139.04315876734103, 167.87197502859135, 433.240118179284, 264.70549673174526, 306.5566831762113, 134.80726983364065, 343.1180554852805], [131.71180660821565, 208.27385817716058, 242.00206610688264, 35.4682957019364, 0.0, 313.4645115479582, 118.06777714516353, 331.86895003901765, 180.8535318980528, 242.53865671269807, 337.8313188560232, 306.2172431461037, 154.12008305214476, 171.9447585708852, 306.36742646697934, 210.535032714273, 455.408607735954, 152.190669884852, 177.1383639983163, 66.03029607687671, 113.22543883774529, 149.26486525636233, 83.60023923410746, 4.123105625617661, 125.03199590504823, 70.3420215802759, 161.31026005806325, 189.01058171435798, 418.14471179246067, 236.10379073619296, 271.26555254952666, 110.11357772772621, 317.6161204976851], [266.8332812825267, 112.89818421923357, 104.04326023342406, 334.6072324382723, 313.4645115479582, 0.0, 198.59506539690256, 228.01973598791838, 405.73883225543005, 131.88252348207476, 25.80697580112788, 152.85614151874958, 199.6121238802894, 146.68674105044394, 362.840185205553, 135.14806694880988, 197.6486782146544, 357.39334073258834, 285.156097602699, 249.83994876720575, 407.9215610874228, 414.9457795905388, 336.38222307369335, 313.38315206788, 240.2019983264086, 354.2654372077525, 321.36116753584275, 321.6224494652076, 125.67020331009256, 112.4144118874444, 249.505510961181, 363.1597444651596, 53.85164807134504], [140.22838514366484, 105.08092119885512, 145.96232390586277, 136.12494260788506, 118.06777714516353, 198.59506539690256, 0.0, 275.0727176584403, 227.19154913860683, 129.9576854210631, 222.03152929257593, 197.27392123643713, 103.87011119662864, 73.35529974037323, 269.80919183749097, 123.71337841963576, 339.9426422207135, 214.5367101453735, 185.32673849177834, 64.03124237432849, 224.32119828495925, 246.45486402179202, 165.65325230734229, 117.27318534089538, 70.60453243241541, 172.55723688098394, 159.17600321656528, 174.4505660638566, 300.08165555395084, 142.76203977248295, 236.53540961133072, 196.3797341886377, 210.95023109728987], [208.65521800328887, 190.66462702871763, 153.9415473483361, 366.28540784475706, 331.86895003901765, 228.01973598791838, 275.0727176584403, 0.0, 495.20197899443014, 315.77840331472953, 244.1823089414956, 365.6364314452268, 181.6645259812713, 206.4654934849889, 532.124045688597, 156.7226850203888, 420.37364332222353, 268.04663773306316, 182.33211456021672, 274.96363395911106, 368.68550283405506, 345.0057970527452, 295.36756761702867, 334.5205524328812, 345.2535300326414, 325.9831283977746, 434.1727766684595, 448.8763749630849, 339.3906303951245, 150.7912464302885, 75.53806987208503, 305.8954069612684, 176.81911661356077], [309.864486509829, 331.15857228826195, 372.83910739084223, 147.24808997063425, 180.8535318980528, 405.73883225543005, 227.19154913860683, 495.20197899443014, 0.0, 287.0, 424.3229901855425, 323.79777639755343, 313.91240816508036, 300.5278689239985, 191.01047091717248, 350.36124214872854, 479.0167011702202, 327.47824355214806, 357.0014005574768, 222.25210910135362, 246.0894146443524, 298.563226134767, 258.62907802488104, 176.9547964876906, 166.90416411821485, 234.0939982143925, 88.45903006477066, 102.88342918079665, 473.2958905378326, 369.9148550680278, 443.5188834762281, 278.01618657912707, 431.0406013358834], [256.67294364618954, 130.24976007655445, 161.91973320136123, 251.58895047279003, 242.53865671269807, 131.88252348207476, 129.9576854210631, 315.77840331472953, 287.0, 0.0, 144.10065926289164, 68.42514157822401, 199.2636444512646, 135.20355024924456, 232.36178687555318, 168.31518053936787, 213.283848427395, 339.94852551526094, 293.95407804621453, 193.98195792392653, 352.932004782791, 376.3787985527346, 295.4081921680575, 240.84019598065436, 133.46160496562297, 302.07449412355226, 199.2034136253694, 194.5507645834372, 188.2817038376273, 165.8010856418015, 307.001628660175, 326.0061349115995, 174.72549899771354], [292.5645227979633, 138.67948658687772, 128.68954891520912, 358.15639042183795, 337.8313188560232, 25.80697580112788, 222.03152929257593, 244.1823089414956, 424.3229901855425, 144.10065926289164, 0.0, 153.63918770938616, 225.36414976655004, 172.23530416264836, 371.09702235399305, 160.51479682571323, 177.2935419015594, 383.10311927730373, 310.2579571904643, 274.69619582367716, 433.3612811500354, 440.72894164100455, 362.067673232505, 337.64034119162955, 260.155722597063, 379.6972478172577, 338.7226003679117, 337.23137457834497, 101.71037311896953, 137.13132391981054, 270.74896121684384, 388.92801390488705, 67.36467917239716], [324.7845439672276, 190.4442175546425, 215.1278689523977, 311.62316987027776, 306.2172431461037, 152.85614151874958, 197.27392123643713, 365.6364314452268, 323.79777639755343, 68.42514157822401, 153.63918770938616, 0.0, 265.9323222175146, 201.06217943710845, 225.10886255321003, 228.21919288263203, 157.09869509324386, 408.36870595088453, 361.00554012369395, 261.22212769977966, 418.1160126089409, 443.60004508566044, 362.92698990292797, 304.1742921418574, 188.875620449014, 368.2458417959394, 235.80500418778223, 223.29352879114074, 156.1793840428371, 220.5810508633958, 366.0218572708466, 393.64196930713575, 204.88289338058462], [67.26812023536856, 88.52683209061533, 102.95630140987001, 187.0320828093405, 154.12008305214476, 199.6121238802894, 103.87011119662864, 181.6645259812713, 313.91240816508036, 199.2636444512646, 225.36414976655004, 265.9323222175146, 0.0, 65.19202405202648, 373.48360071092816, 68.0294054067798, 382.25645841502796, 157.87653403846943, 95.1892851112981, 93.53608929178085, 219.53815158190613, 217.8003673091485, 143.68020044529447, 156.236999459155, 173.28012003689287, 167.87197502859135, 258.0310058888272, 276.26798583983634, 322.45309736456244, 95.0789145920377, 133.70115930686615, 167.0269439342048, 183.98097727754356], [128.70508925446578, 36.345563690772494, 73.49829930005184, 198.0631212517868, 171.9447585708852, 146.68674105044394, 73.35529974037323, 206.4654934849889, 300.5278689239985, 135.20355024924456, 172.23530416264836, 201.06217943710845, 65.19202405202648, 0.0, 327.53625753494833, 51.088159097779204, 319.4276130831522, 217.91970998512272, 160.3652081967906, 106.21205204683694, 261.283371074395, 269.60897611170145, 190.057885919001, 172.5688268488837, 140.5844941663198, 207.64633394307737, 230.67292862405853, 243.24884377936928, 264.14011433328335, 69.6419413859206, 179.02513789968157, 217.6235281397671, 145.67429423202984], [402.6474885057648, 341.9839177505281, 381.80885269988175, 286.09963299522076, 306.36742646697934, 362.840185205553, 269.80919183749097, 532.124045688597, 191.01047091717248, 232.36178687555318, 371.09702235399305, 225.10886255321003, 373.48360071092816, 327.53625753494833, 0.0, 375.5875397294218, 352.74069796381593, 455.2812317677943, 450.6939094329987, 308.24827655641485, 406.15883592506026, 452.133829745132, 389.0321323489873, 302.42354405700627, 203.73512215619573, 375.4530596492723, 147.13938969562162, 118.2285921425101, 378.2089369647417, 383.15793088490284, 504.3431371596128, 416.48049174000937, 407.03439658092776], [133.6899397860587, 38.118237105091836, 34.92849839314596, 240.0270818053663, 210.535032714273, 135.14806694880988, 123.71337841963576, 156.7226850203888, 350.36124214872854, 168.31518053936787, 160.51479682571323, 228.21919288263203, 68.0294054067798, 51.088159097779204, 375.5875397294218, 0.0, 325.77906623968335, 223.6000894454204, 150.2431362824938, 145.0, 286.5397005652096, 285.7708872506085, 211.2439348241743, 211.85372312045877, 191.67159413955946, 234.07904647789388, 281.73746644704534, 294.2108087749327, 260.1922366251537, 27.202941017470888, 138.70832707519762, 235.05318547086316, 115.95257651298655], [448.0011160700384, 294.5929394944828, 298.9314302645341, 464.7074348447634, 455.408607735954, 197.6486782146544, 339.9426422207135, 420.37364332222353, 479.0167011702202, 213.283848427395, 177.2935419015594, 157.09869509324386, 382.25645841502796, 319.4276130831522, 352.74069796381593, 325.77906623968335, 0.0, 537.2383083883725, 474.57033198462796, 402.94044224922374, 564.2632364419997, 583.3635230283087, 502.0478064885853, 453.8479921735911, 344.06104109590785, 512.227488524386, 391.76013069223876, 377.02519809689113, 84.38009243891595, 306.8941185490527, 447.14650842872516, 531.7913124525447, 244.1741182025646], [90.60905032059435, 246.0894146443524, 257.73047937719747, 181.51583952922675, 152.190669884852, 357.39334073258834, 214.5367101453735, 268.04663773306316, 327.47824355214806, 339.94852551526094, 383.10311927730373, 408.36870595088453, 157.87653403846943, 217.91970998512272, 455.2812317677943, 223.6000894454204, 537.2383083883725, 0.0, 87.47571091451616, 155.00322577288512, 112.50777750893491, 77.31752712031083, 69.26037828369117, 156.31058825300352, 258.98455552406983, 94.66784036831093, 312.69953629642623, 339.60712595586097, 480.15101790999046, 249.3772243008571, 193.04144632694815, 53.075418038862395, 337.61812747540677], [48.84669896727925, 180.0999722376436, 181.79383927955314, 212.30167215544958, 177.1383639983163, 285.156097602699, 185.32673849177834, 182.33211456021672, 357.0014005574768, 293.95407804621453, 310.2579571904643, 361.00554012369395, 95.1892851112981, 160.3652081967906, 450.6939094329987, 150.2431362824938, 474.57033198462796, 87.47571091451616, 0.0, 144.31216164966833, 187.5366630821824, 163.24827717314508, 118.10588469674151, 180.8120571200936, 246.9757073074192, 149.83324063771698, 320.2577087284551, 343.2855953866984, 410.42538907820995, 173.31185764395926, 108.85311203635843, 124.1491039033307, 258.5072532831526], [95.51963149007642, 142.55525244620065, 176.02556632489498, 95.34149149242423, 66.03029607687671, 249.83994876720575, 64.03124237432849, 274.96363395911106, 222.25210910135362, 193.98195792392653, 274.69619582367716, 261.22212769977966, 93.53608929178085, 106.21205204683694, 308.24827655641485, 145.0, 402.94044224922374, 155.00322577288512, 144.31216164966833, 0.0, 162.04937519163718, 182.42806801586207, 101.78899744078434, 67.02984409947557, 106.04244433244644, 109.34349546269316, 176.22996340009834, 198.97989848223364, 359.2895768040036, 170.23806859806652, 221.33458834985552, 132.60844618650805, 251.79356624028344], [164.04877323527901, 296.23301639081353, 321.16195291472496, 121.43310915891102, 113.22543883774529, 407.9215610874228, 224.32119828495925, 368.68550283405506, 246.0894146443524, 352.932004782791, 433.3612811500354, 418.1160126089409, 219.53815158190613, 261.283371074395, 406.15883592506026, 286.5397005652096, 564.2632364419997, 112.50777750893491, 187.5366630821824, 162.04937519163718, 0.0, 53.85164807134504, 76.53103945458993, 115.93532679903913, 237.9936973955403, 53.665631459994955, 259.12352266824405, 288.19611378365255, 521.0, 313.73396373360663, 296.346081465573, 63.60031446463138, 401.62171256046406], [153.79206741571556, 302.04966479041155, 320.66337489647924, 166.0903368652132, 149.26486525636233, 414.9457795905388, 246.45486402179202, 345.0057970527452, 298.563226134767, 376.3787985527346, 440.72894164100455, 443.60004508566044, 217.8003673091485, 269.60897611170145, 452.133829745132, 285.7708872506085, 583.3635230283087, 77.31752712031083, 163.24827717314508, 182.42806801586207, 53.85164807134504, 0.0, 81.34494452638098, 152.7776161615307, 272.7288030260097, 79.12016177940993, 305.1311193569086, 333.9116649654516, 533.5175723441544, 312.648364780627, 270.22398117117586, 52.009614495783374, 401.6466108409232], [88.14193099768123, 223.70739817896055, 246.06503205453635, 112.27199116431488, 83.60023923410746, 336.38222307369335, 165.65325230734229, 295.36756761702867, 258.62907802488104, 295.4081921680575, 362.067673232505, 362.92698990292797, 143.68020044529447, 190.057885919001, 389.0321323489873, 211.2439348241743, 502.0478064885853, 69.26037828369117, 118.10588469674151, 101.78899744078434, 76.53103945458993, 81.34494452638098, 0.0, 87.69264507357501, 198.21705274773913, 31.76476034853718, 244.8182999695897, 272.26457720386617, 453.2063547656851, 238.43657437566074, 225.15772249691992, 30.886890422961002, 326.8960079291272], [135.14806694880988, 208.86598574205422, 243.0514348857048, 32.202484376209235, 4.123105625617661, 313.38315206788, 117.27318534089538, 334.5205524328812, 176.9547964876906, 240.84019598065436, 337.64034119162955, 304.1742921418574, 156.236999459155, 172.5688268488837, 302.42354405700627, 211.85372312045877, 453.8479921735911, 156.31058825300352, 180.8120571200936, 67.02984409947557, 115.93532679903913, 152.7776161615307, 87.69264507357501, 0.0, 122.11470017978998, 73.97972695272672, 157.25775020646836, 185.00270268296083, 417.2696969586936, 237.25513693068902, 274.36107595648474, 114.0701538527936, 318.2341904949875], [199.1004771465905, 167.2154299100415, 209.57576195734086, 123.79418403139947, 125.03199590504823, 240.2019983264086, 70.60453243241541, 345.2535300326414, 166.90416411821485, 133.46160496562297, 260.155722597063, 188.875620449014, 173.28012003689287, 140.5844941663198, 203.73512215619573, 191.67159413955946, 344.06104109590785, 258.98455552406983, 246.9757073074192, 106.04244433244644, 237.9936973955403, 272.7288030260097, 198.21705274773913, 122.11470017978998, 0.0, 193.7446773462435, 90.21086409075129, 103.85566907973777, 320.87692344573486, 207.73540863319377, 306.6626811335217, 228.35936591258962, 264.1685068285014], [117.71151175649729, 242.7055829600959, 268.4939477902621, 91.44397191723465, 70.3420215802759, 354.2654372077525, 172.55723688098394, 325.9831283977746, 234.0939982143925, 302.07449412355226, 379.6972478172577, 368.2458417959394, 167.87197502859135, 207.64633394307737, 375.4530596492723, 234.07904647789388, 512.227488524386, 94.66784036831093, 149.83324063771698, 109.34349546269316, 53.665631459994955, 79.12016177940993, 31.76476034853718, 73.97972695272672, 193.7446773462435, 0.0, 229.13969538253298, 257.4975728040946, 467.64195705689195, 261.22212769977966, 256.49366463910957, 43.965895873961216, 348.648820448313], [271.41296947640507, 257.1633721975196, 299.5797055876783, 139.04315876734103, 161.31026005806325, 321.36116753584275, 159.17600321656528, 434.1727766684595, 88.45903006477066, 199.2034136253694, 338.7226003679117, 235.80500418778223, 258.0310058888272, 230.67292862405853, 147.13938969562162, 281.73746644704534, 391.76013069223876, 312.69953629642623, 320.2577087284551, 176.22996340009834, 259.12352266824405, 305.1311193569086, 244.8182999695897, 157.25775020646836, 90.21086409075129, 229.13969538253298, 0.0, 29.120439557122072, 384.8792018283139, 297.89259809535383, 391.60183860651114, 271.0461215365385, 350.59520818174343], [294.4978777512666, 266.9026039588224, 309.2507073556987, 167.87197502859135, 189.01058171435798, 321.6224494652076, 174.4505660638566, 448.8763749630849, 102.88342918079665, 194.5507645834372, 337.23137457834497, 223.29352879114074, 276.26798583983634, 243.24884377936928, 118.2285921425101, 294.2108087749327, 377.02519809689113, 339.60712595586097, 343.2855953866984, 198.97989848223364, 288.19611378365255, 333.9116649654516, 272.26457720386617, 185.00270268296083, 103.85566907973777, 257.4975728040946, 29.120439557122072, 0.0, 376.0053191113126, 308.3180176376334, 409.9268227379126, 299.015049788468, 354.64489281533434], [389.61647809095547, 234.06195760951843, 229.71286424577968, 433.240118179284, 418.14471179246067, 125.67020331009256, 300.08165555395084, 339.3906303951245, 473.2958905378326, 188.2817038376273, 101.71037311896953, 156.1793840428371, 322.45309736456244, 264.14011433328335, 378.2089369647417, 260.1922366251537, 84.38009243891595, 480.15101790999046, 410.42538907820995, 359.2895768040036, 521.0, 533.5175723441544, 453.2063547656851, 417.2696969586936, 320.87692344573486, 467.64195705689195, 384.8792018283139, 376.0053191113126, 0.0, 238.0756182392477, 371.6180835212409, 481.5080477001397, 165.4962235218677], [160.01562423713506, 41.72529209005013, 8.48528137423857, 264.70549673174526, 236.10379073619296, 112.4144118874444, 142.76203977248295, 150.7912464302885, 369.9148550680278, 165.8010856418015, 137.13132391981054, 220.5810508633958, 95.0789145920377, 69.6419413859206, 383.15793088490284, 27.202941017470888, 306.8941185490527, 249.3772243008571, 173.31185764395926, 170.23806859806652, 313.73396373360663, 312.648364780627, 238.43657437566074, 237.25513693068902, 207.73540863319377, 261.22212769977966, 297.89259809535383, 308.3180176376334, 238.0756182392477, 0.0, 146.4923206178399, 262.0877715575452, 89.0], [141.77799547179387, 176.81911661356077, 153.06207890917986, 306.5566831762113, 271.26555254952666, 249.505510961181, 236.53540961133072, 75.53806987208503, 443.5188834762281, 307.001628660175, 270.74896121684384, 366.0218572708466, 133.70115930686615, 179.02513789968157, 504.3431371596128, 138.70832707519762, 447.14650842872516, 193.04144632694815, 108.85311203635843, 221.33458834985552, 296.346081465573, 270.22398117117586, 225.15772249691992, 274.36107595648474, 306.6626811335217, 256.49366463910957, 391.60183860651114, 409.9268227379126, 371.6180835212409, 146.4923206178399, 0.0, 233.00214591286493, 206.6131651178114], [105.32331175955302, 250.2658586383688, 269.9814808463721, 134.80726983364065, 110.11357772772621, 363.1597444651596, 196.3797341886377, 305.8954069612684, 278.01618657912707, 326.0061349115995, 388.92801390488705, 393.64196930713575, 167.0269439342048, 217.6235281397671, 416.48049174000937, 235.05318547086316, 531.7913124525447, 53.075418038862395, 124.1491039033307, 132.60844618650805, 63.60031446463138, 52.009614495783374, 30.886890422961002, 114.0701538527936, 228.35936591258962, 43.965895873961216, 271.0461215365385, 299.015049788468, 481.5080477001397, 262.0877715575452, 233.00214591286493, 0.0, 351.0056979594491], [248.8453334905037, 109.37092849564732, 81.02468759581859, 343.1180554852805, 317.6161204976851, 53.85164807134504, 210.95023109728987, 176.81911661356077, 431.0406013358834, 174.72549899771354, 67.36467917239716, 204.88289338058462, 183.98097727754356, 145.67429423202984, 407.03439658092776, 115.95257651298655, 244.1741182025646, 337.61812747540677, 258.5072532831526, 251.79356624028344, 401.62171256046406, 401.6466108409232, 326.8960079291272, 318.2341904949875, 264.1685068285014, 348.648820448313, 350.59520818174343, 354.64489281533434, 165.4962235218677, 89.0, 206.6131651178114, 351.0056979594491, 0.0]]
0世代
rank = 0, pop_id = 0, calclation_time:95.5762791633606[sec]
pop_index = 0, scores = 92.331941570333, rank = 0
0世代評価 : [92.331941570333, 90.82790216325353, 95.64768271513303, 98.50310060472312, 91.53100654902136, 116.9188314530541, 94.28063739602517, 80.64267063660115, 110.12318466798204, 97.19756161006421, 101.50118554004943, 70.7686296846754, 79.87618804799976, 85.5958671187903, 87.30874500966833, 102.06340271285427, 100.02595084946819, 89.92363614327908, 102.17271315446179, 72.09188611960799, 101.84230330378628, 76.9138440252529, 95.31536085535052, 79.40049875726635, 78.6342155840245, 99.81781517926296, 89.10513671336749, 86.67439108385716, 81.72489901410951, 74.92897064384746, 102.79127320062192, 74.00182612407369, 96.94629817501715, 61.66010886689683, 76.01775102963809, 81.4845190120125, 102.78842485909726, 68.41811743749045, 99.95207752244806, 101.64665494079259, 70.92764124853578, 93.68398199674247, 112.4782520285252, 119.24721950457808, 102.85348586411943, 86.842493265676, 90.09916700621385, 105.5462271345084, 85.31891167460779, 101.8308950347955, 104.30454505911517, 98.17234308286943, 108.36794694823877, 75.93582577853743, 104.81061951891989, 68.78664751510101, 96.98309983689126, 80.04604791210825, 105.29010858021829, 99.12407410092669, 110.86642424562037, 97.30501835763005, 83.55203304991191, 102.26808009923275, 104.30233156755929, 83.469729168799, 106.15679891065768, 95.86895386916197, 102.10376613811262, 96.38216111039478, 78.50595834852673, 106.28989886612663, 103.21345230064728, 80.57762335694467, 107.52033797089719, 89.01369542083299]
0世代, new best [0, 1, 1, 1, 0, 1, 1, 0, 1, 0, 1, 1, 1, 0, 1, 1, 0, 1, 1, 1, 1, 1, 1, 1, 0, 1, 1, 0, 0, 1, 0, 0, 0] = 98.50310060472312
拠点利用数 : 21
0世代, new best [1, 1, 0, 1, 1, 0, 0, 1, 0, 0, 1, 0, 1, 1, 0, 1, 1, 0, 1, 1, 1, 1, 1, 1, 1, 0, 1, 0, 1, 1, 1, 1, 1] = 97.19756161006421
拠点利用数 : 23
0世代, new best [1, 1, 1, 0, 0, 1, 1, 1, 1, 0, 1, 1, 1, 0, 0, 0, 1, 1, 0, 0, 0, 1, 1, 1, 1, 1, 0, 1, 1, 1, 0, 1, 1] = 70.7686296846754
拠点利用数 : 22
0世代, new best [1, 1, 1, 1, 1, 1, 0, 1, 0, 1, 0, 1, 1, 0, 1, 1, 0, 0, 1, 1, 0, 1, 1, 1, 0, 1, 0, 0, 1, 1, 1, 1, 0] = 68.41811743749045
拠点利用数 : 22
1世代
rank = 0, pop_id = 0, calclation_time:144.0801100730896[sec]
pop_index = 0, scores = 98.15548375989064, rank = 0
1世代評価 : [98.15548375989064, 86.64098067863739, 104.86526989554649, 61.506567582156116, 96.72280412307094, 97.60709064417097, 82.60263607385099, 96.52033390389502, 85.56582673724853, 119.67852367627569, 102.18170421241663, 107.11840592581453, 100.79860394085225, 96.69921310001692, 94.61669265485745, 80.98433122515553, 102.44747821288554, 78.35608763522856, 104.1765137502942, 101.99824509631475, 96.66859883709746, 89.22247663245838, 96.31233373119196, 111.72545197126962, 70.86701615140353, 121.33578358121734, 93.17364596051348, 94.65803034363279, 65.64071594147559, 81.08255369137274, 95.50081533925119, 80.92090258457006, 104.93661218374643, 99.90176996387672, 104.34878610133708, 112.10608546999941, 102.57891365167458, 94.27826133222891, 99.4012615359952, 79.96642156835486, 70.65293541251388, 59.88976312379853, 99.93390778461766, 86.3369488973984, 115.7002715465554, 94.7978672842695, 118.63442578340515, 66.18193636551777, 88.16750156588984, 102.36284005271283, 104.2424719137726, 103.7866685006813, 109.85478043812653, 81.15213100666878, 92.97260011799713, 94.84402545243888, 65.13076662580522, 103.61113748814877, 125.1127220669233, 109.35767883177473, 82.87018211209455, 107.51483150321454, 102.29092779143453, 97.23159169284285, 100.00108947157835, 75.76929064451129, 65.15218735436923, 115.65108399116944, 102.40228365568467, 97.35960347811167, 81.61296965387574, 111.15058238728275, 84.96926935490754, 88.9728473317626, 98.39006079325462, 80.28093059684694]
1世代, new best [0, 1, 1, 0, 1, 1, 1, 1, 1, 0, 1, 0, 1, 0, 1, 0, 1, 1, 0, 1, 0, 1, 1, 1, 1, 1, 0, 1, 1, 0, 0, 1, 1] = 61.506567582156116
拠点利用数 : 22
2世代
rank = 0, pop_id = 0, calclation_time:135.73440551757812[sec]
pop_index = 0, scores = 78.60219964731915, rank = 0
2世代評価 : [78.60219964731915, 87.94593822362147, 88.88074305443638, 85.9256288740455, 111.36332375158767, 94.86290861234188, 103.37732319980486, 98.57052880319938, 95.86360671247743, 101.20569858408223, 116.7241847755652, 74.57403488066545, 73.85524554398368, 102.50953885461269, 100.76972954460392, 111.44194050724653, 103.49798156083821, 93.93599844646528, 82.83555181626308, 118.39514640997659, 101.97673795309166, 99.87838293037132, 103.26026448915972, 79.72879390913036, 81.9774887770712, 106.84875178691422, 105.19148711700109, 77.66730142164197, 75.84640844363244, 103.91197479511044, 91.98765687717655, 91.08484769951205, 101.78083975505014, 76.80650631095456, 107.86761545458407, 69.53751773281317, 89.22668837600543, 75.18483105197306, 65.37324590251504, 95.32062851299673, 75.9425305572393, 100.48960837401634, 122.09753223087382, 86.98626873910513, 104.49522515435675, 72.16991654115363, 109.74599070779745, 104.00975489010726, 89.8463463093616, 95.74934379324085, 82.34126417840882, 96.28385396070983, 80.5442656195054, 100.18294656032862, 97.60869469335358, 112.77498895627653, 94.64186805332783, 70.73030705635897, 102.09916764829464, 103.9221409686651, 107.49794791472198, 79.70780267678738, 102.41405088819118, 95.93721112895568, 98.55463975948946, 88.85242689178455, 70.38827617193604, 95.38996493123385, 103.87819380069486, 85.49983674998343, 120.70465410102616, 65.11491123989128, 88.77791771457824, 102.28791496537892, 106.069751524183, 92.65143777220713]
3世代
rank = 0, pop_id = 0, calclation_time:109.57834982872009[sec]
pop_index = 0, scores = 79.58931643309823, rank = 0
3世代評価 : [79.58931643309823, 109.9326191442951, 122.01923095194348, 97.55485213011784, 101.44908380749037, 110.30540390455882, 85.63871520510152, 101.64177129382418, 97.59296457328752, 102.0245421415944, 99.91270432911455, 103.20248178624199, 67.90002670013745, 100.92007238511904, 93.85876633788004, 87.79376544817424, 116.46511974114966, 92.64793480447275, 77.10111688545904, 106.75718896427689, 101.65383522162975, 105.76393244504557, 89.87463584124548, 91.14633079909187, 104.03412938270218, 96.09738340454707, 124.03105869066471, 95.77144959764416, 78.06716104115348, 112.23642654368508, 92.42769765658532, 75.11668895577837, 99.88751526922329, 93.99255282728616, 93.23190748443307, 86.53995676844215, 95.83547392529762, 90.43433502690735, 76.88721634648125, 92.92133510619496, 107.71181723372446, 97.49709251142285, 92.94453600718778, 67.36161194409371, 84.03934034914968, 97.03572344931001, 74.25932421393969, 83.01602843502077, 96.02592555374507, 96.70654273152644, 104.3680381640288, 97.48369205257389, 68.71384005060035, 93.37965688582213, 101.38479920480484, 88.63014886799782, 99.61914612100662, 114.97434129733685, 71.4802068991485, 115.2046969025906, 88.13321274632712, 112.91865285542555, 85.47942397936833, 102.37358005800407, 103.75016130165987, 72.35500864680145, 100.56798655820997, 106.03106819543775, 107.21580629616975, 108.12739718803886, 97.19282436656432, 98.89485547014132, 111.73393908584403, 93.56521261693528, 60.51673357828012, 72.9894243267703]
4世代
rank = 0, pop_id = 0, calclation_time:122.6267077922821[sec]
pop_index = 0, scores = 101.02630531622799, rank = 0
4世代評価 : [101.02630531622799, 77.29480599538391, 106.49022437371143, 74.67814455207873, 102.91153327545821, 112.45617794651811, 90.05743357555018, 97.23717498499659, 58.052531383824835, 85.4920192655098, 81.60964471034366, 76.6572780374941, 109.24011762235557, 72.30108701884609, 79.34906947760247, 98.75588782961846, 98.7544589091668, 105.27693110483769, 98.88938940522354, 125.4786448570823, 92.21145974178049, 113.1771142146094, 102.46811845440789, 69.28393420311166, 102.82973135924013, 99.02741376134848, 98.75334820683526, 106.7509430492095, 91.45077414537576, 70.71696233705859, 77.1346595384947, 85.51023350635226, 88.77663135559793, 100.22098991366701, 75.57931802459746, 80.77211144130054, 74.52303258216207, 106.87514537240128, 79.15679444152734, 103.34815340899104, 79.69733537146914, 124.4738797215204, 102.44318635780877, 96.56847093839936, 93.55641205933651, 98.36108250787004, 117.0198204058113, 71.43653846943617, 101.22187105909819, 88.91824605954832, 104.66879342842917, 67.74472432124375, 94.25618462591777, 67.10057989492275, 110.7659109090408, 85.76891862491215, 109.48049006450569, 100.8694924803105, 72.92791867796183, 75.5620131246235, 103.76521132634565, 111.83154674805763, 125.5608651623852, 101.80419154374812, 101.96907821802009, 89.0966915533233, 87.68560697785682, 102.4294690761958, 84.44915843085673, 111.27792792829193, 82.15122911304238, 90.76354553373712, 82.5326587167624, 108.54392461716853, 99.83440994099767, 66.36920656027156]
4世代, new best [0, 1, 1, 1, 1, 1, 0, 0, 1, 1, 1, 1, 1, 1, 0, 1, 1, 0, 0, 1, 1, 0, 0, 0, 1, 1, 1, 1, 1, 0, 0, 0, 1] = 58.052531383824835
拠点利用数 : 21
5世代
rank = 0, pop_id = 0, calclation_time:128.74093961715698[sec]
pop_index = 0, scores = 104.96041304645819, rank = 0
5世代評価 : [104.96041304645819, 103.60049155997582, 108.27821796098851, 66.45957788380183, 66.98795116141108, 130.08282984275985, 101.51413219781257, 107.97244974929444, 102.19894207472792, 82.3672965564778, 65.5758826991792, 90.61047539778069, 86.6170100841823, 110.33580079199466, 116.72466599365102, 91.52034385040193, 113.16289729621289, 102.98358873216907, 82.94618397454671, 105.85426968990564, 86.86165622244157, 96.5766092880169, 90.73669723713844, 66.42544798212279, 110.04485551913822, 73.6690581738833, 109.30000315724713, 105.33354536085353, 81.31308265620758, 76.19180282083883, 94.45919688889782, 99.57169242030015, 104.40644776066006, 103.84938062099265, 93.79291166191155, 83.15730817813998, 82.48270075484574, 121.2191899977223, 72.52122810879968, 70.47668440275416, 100.88469697447637, 88.28041201175807, 97.18363529999512, 102.29418347940405, 97.92637241817958, 73.76193767771848, 116.91404574931188, 95.19526427633267, 67.32028438514966, 120.76953837328759, 95.05051987668699, 121.43055159149625, 100.43371093508252, 89.36263020262398, 89.98697651333559, 99.7759800002734, 103.06632454267562, 86.4302551460586, 58.328736198512885, 98.75031425372946, 87.77387135969042, 99.93739537203122, 86.94815293047547, 102.54044366842709, 95.87480618394923, 111.81945865435404, 71.51610553300026, 73.72339926532847, 89.77448694655475, 82.12173722746297, 93.63821650697732, 103.92120450823114, 114.02544871830759, 102.38352620434783, 107.44485034929778, 71.71249446411224]
6世代
rank = 0, pop_id = 0, calclation_time:143.26069521903992[sec]
pop_index = 0, scores = 97.65172403733011, rank = 0
6世代評価 : [97.65172403733011, 105.42781370097956, 77.34624646459119, 105.13673893692665, 118.46419999240258, 104.85579144516657, 74.6947052677875, 105.66938125609789, 94.18919714502019, 87.1390933878937, 92.10614446934643, 83.96330712877037, 103.62452541534806, 62.37098526874743, 101.04600908405936, 107.5827120768614, 99.97863169814265, 97.58647155462253, 115.73342742202067, 108.05164684725094, 79.86547102305659, 95.35768461303844, 107.95343618873969, 67.47565976645667, 104.08818716529092, 112.08545943491563, 101.98030047042094, 88.04977208003021, 103.76295339497118, 104.03691671907396, 111.64358485628871, 129.72008512120578, 104.15227529381657, 79.25969716703995, 117.16925270819391, 99.36351435973597, 100.51896304427792, 97.22229047477663, 111.70327080036024, 91.51058647190477, 101.93097600072718, 82.54148862147441, 107.95850817455306, 93.42430676911546, 109.32105893172711, 102.25012147740524, 96.45520886316758, 58.90812896614285, 102.57399255327465, 73.71020783896236, 104.29490956873272, 77.29815776602653, 109.41761063418794, 96.08430387647543, 106.46801492632349, 115.15201215240329, 98.81319033712552, 89.4361616731751, 84.26380153535823, 78.70214007070715, 113.9496337259011, 61.77082287694106, 77.8353920911082, 93.50067784735388, 105.3710388220815, 109.26812882046588, 94.0980920566531, 73.52633688372306, 92.65487421060067, 99.3990989504343, 97.80712787923913, 68.01209614469948, 101.33579739093364, 93.26983440266191, 113.26092667343521, 119.30400029204829]
7世代
rank = 0, pop_id = 0, calclation_time:128.66217851638794[sec]
pop_index = 0, scores = 104.4601231373827, rank = 0
7世代評価 : [104.4601231373827, 98.55173803214464, 120.58001236716417, 89.24371169770275, 103.30182763455883, 96.31601596199368, 100.10229981455414, 90.42094522661719, 81.40329067330454, 78.73972647040797, 105.41223940056626, 96.99749604113822, 100.0975831386548, 89.17470516114213, 89.71125602602137, 85.55905012852749, 107.97680100147065, 110.051566177664, 115.06921346749955, 98.57471745265272, 94.37708149182617, 75.30699816248864, 93.73841285934354, 104.4866951371173, 70.84242916958235, 100.71587690567397, 99.08675176334053, 99.625465678822, 96.93380457364349, 71.78465334982734, 92.41240716521207, 113.50880699583256, 77.18724539692087, 103.39040643831663, 94.54148105925371, 103.40554490295517, 105.40105404904719, 107.41467343767222, 108.62759076970138, 80.61266203387649, 83.1555012170735, 125.67434282382992, 88.78387947466494, 78.65332628176996, 100.67535946443114, 88.58140820268085, 85.25430099495416, 103.17307224623474, 70.12387824416514, 67.41126918778835, 78.35510591801008, 110.22752596450778, 113.162793498525, 90.36759951921634, 99.47548925788466, 86.75689141132263, 102.53661884635724, 95.53849021284599, 86.43096006475454, 102.90484865932501, 77.88842982702526, 91.48703203551385, 102.10345490900075, 88.35236991777542, 102.32621649217724, 89.91942330216038, 101.3762742421204, 75.3517280077369, 105.81674790062527, 105.63401926419739, 85.15904297249561, 87.1356362522777, 104.80813174631072, 83.18479684149516, 90.60023163979656, 90.87286415824545]
8世代
rank = 0, pop_id = 0, calclation_time:122.37134504318237[sec]
pop_index = 0, scores = 107.65241217657427, rank = 0
8世代評価 : [107.65241217657427, 87.37407346589062, 104.33089651118928, 98.16190208909666, 68.03111537298244, 86.69462725484195, 70.18322401334069, 109.30194583883303, 94.24640531092655, 91.07064912711054, 111.90985293704846, 81.91367769676272, 100.59258564340938, 101.42792866872743, 93.80079341233701, 94.48134555229841, 103.45346289312653, 114.05482562237941, 76.89829652524408, 91.90005811791528, 73.94857913422427, 111.86136889728125, 89.50633337411719, 114.6609323539063, 99.37246723717405, 86.32734143546891, 71.43216983283509, 89.74961053355992, 110.65449349733305, 84.50345569706913, 97.28339993957606, 115.8384193467439, 105.79571645231822, 89.55765933290195, 98.72074444951765, 95.42551885110308, 95.05298799627545, 90.16875849526096, 93.43308204883068, 83.21736747974403, 96.58200329057617, 110.96636923591186, 100.37851159413307, 99.26188381856404, 104.00210998982108, 94.77903348966062, 70.71287058241496, 104.695084355664, 104.96989596273184, 101.27723367228133, 101.25767473249195, 92.2748271043679, 98.81715521674505, 104.71888409773236, 98.48196162438131, 67.60266906912103, 68.99149524694184, 77.53273595369089, 97.25852017132038, 93.54991033773935, 101.26569857477796, 106.18364927423076, 56.007136080705145, 100.5138916629975, 96.17793958039763, 98.83770324851484, 76.41768161900995, 86.93756791436921, 105.60452966441251, 108.95708539610416, 97.90843108095136, 72.01142524254733, 96.51796589809528, 94.16465385019552, 77.66990680047677, 104.30559951981544]
9世代
rank = 0, pop_id = 0, calclation_time:135.21845364570618[sec]
pop_index = 0, scores = 75.89865590987264, rank = 0
9世代評価 : [75.89865590987264, 121.74365133737095, 84.56262944490399, 99.5638051252366, 99.43823934735346, 97.87861599139345, 72.63989296973368, 103.40822535771957, 93.48231895304708, 111.49012020140967, 81.58826198445236, 97.31042453005182, 117.93544411001666, 81.39502300710261, 81.85913916340056, 104.2694275675211, 103.07708018532776, 102.67822433870137, 99.3683979455577, 69.0288827538123, 96.94972904634221, 60.28717921494658, 92.11391327888508, 103.99861243085475, 74.15876031624813, 100.31887388683546, 98.62198477910692, 94.07125956381635, 84.39375782374381, 97.6683548673537, 87.77251835637679, 102.56455316751985, 71.07406973950707, 117.64500688604227, 97.26425266559906, 102.07070337970764, 86.69525656487232, 68.78470828697392, 97.28476659875302, 104.53704559637467, 87.91416685547387, 74.802429754907, 83.70035633265563, 100.29823415735254, 90.7897148081242, 98.70581977008611, 70.37809991528964, 93.72454836354115, 71.94759315961727, 98.96031739836869, 95.99914856013338, 78.54471604421221, 118.56098342478288, 89.80434465866288, 98.1006431423552, 98.01323159435829, 102.18012519786598, 99.54097995219328, 81.54784550155183, 102.69006651658695, 103.98376227868822, 90.0556628330813, 71.92645447703244, 95.03422934908056, 103.98222591038412, 113.93588442834583, 88.41831199704974, 85.54445132192963, 100.01779504909886, 95.02340637883107, 91.8453687507556, 68.0824161415492, 108.87990215569658, 63.921301075440645, 111.16753910621992, 98.71971517297422]
10世代
rank = 0, pop_id = 0, calclation_time:156.93855237960815[sec]
pop_index = 0, scores = 89.1792647212087, rank = 0
10世代評価 : [89.1792647212087, 96.10146068996599, 96.50873096902127, 86.83975630254855, 97.13793264253445, 71.64147077178058, 84.21093792471451, 114.28974004357424, 70.90500543604921, 97.62124890288366, 104.39410105998182, 91.2623388810396, 78.90266196827459, 98.90975209841186, 85.67060246034093, 75.83560841174608, 101.47616282095338, 78.83712069198337, 102.41412465810494, 104.64508280899292, 104.77688005564833, 65.1144527054195, 83.96082519400441, 78.16495743333923, 104.28774551801888, 97.7905358097299, 113.19638060361655, 101.61330244194183, 108.72326860035649, 110.83001687909022, 105.24768936888809, 80.2413375946485, 90.01728828731976, 96.27144903071266, 90.34633294187238, 93.4409519348333, 106.15386657759065, 114.56249095376612, 86.21035073103138, 101.67194411077195, 92.08446590633196, 100.46241509786486, 86.94108798695869, 83.6132467655855, 70.67262569476031, 99.19717818466634, 67.90983889635217, 85.09730645903201, 109.67552524316606, 63.3783541084166, 103.24838009442223, 104.64225059739802, 89.68795141144233, 111.34459380429352, 92.82165815615838, 96.30940073831474, 95.02705889983669, 74.52652150273997, 108.21818344233563, 96.04748032754628, 75.04548974866044, 111.70984670347298, 102.92564340198048, 99.60609269697402, 77.10771319278022, 106.09513585137792, 90.0482028275266, 97.45032179326476, 93.1090882784287, 114.49679460802744, 88.99448190248683, 83.32263346969205, 100.34034162579357, 68.24605684439048, 105.3577303191125, 74.52054779747199]
11世代
rank = 0, pop_id = 0, calclation_time:109.47741174697876[sec]
pop_index = 0, scores = 105.27195252662302, rank = 0
