Popularity : [[16, 7], [7, 8], [5, 5], [5, 5], [5, 7], [6, 10], [18, 7], [19, 3], [4, 3], [6, 6], [4, 17], [5, 17], [8, 15], [4, 6], [5, 4], [5, 6], [5, 5], [7, 3], [10, 7], [17, 6], [4, 12], [7, 14], [8, 16], [3, 5], [5, 5], [8, 4], [6, 2], [5, 5], [6, 5], [6, 8], [4, 8], [18, 17], [6, 5]]
Distance : [[0.0, 435.7659922481331, 182.4828759089466, 338.60005906674024, 103.78824596263297, 280.6314308839977, 182.91528093628483, 281.1138559374119, 169.00295855398508, 133.96268137059664, 170.95028517086482, 251.80349481291955, 210.2974084481309, 323.9753077010654, 211.4000946073582, 536.9543742255947, 342.9125252888847, 402.3046109604015, 416.5573189850348, 440.70965498840616, 171.1724276862369, 90.24411338142782, 309.3428518650463, 429.7033860699727, 259.5630944491146, 351.1267577385694, 411.5968901728972, 256.4995126701024, 237.76038357977134, 313.12936623702353, 115.97413504743201, 277.1082820848197, 475.0789408087881], [435.7659922481331, 0.0, 253.31403435261933, 192.31744590650115, 453.43136195018536, 292.851498203441, 252.9229131573492, 223.1882613400624, 384.78305575999576, 302.80356668969404, 466.84044383493597, 292.3439754809392, 225.47061892849808, 115.94826432508596, 442.3776667057233, 110.43550153822818, 234.7871376374779, 249.51352668743232, 290.99140880788906, 26.40075756488817, 311.24267059643347, 467.9016990779153, 211.29363454680788, 130.64838307457157, 187.0106948813356, 376.1515651967967, 118.92854997854805, 403.11288741492746, 237.86130412490385, 323.484157262763, 325.92330386150667, 386.700142229092, 131.20975573485381], [182.4828759089466, 253.31403435261933, 0.0, 191.44189719076647, 213.56029593536343, 185.80096878111266, 1.4142135623730951, 141.19844191774922, 182.0604295282201, 51.78802950489621, 247.2973918180295, 165.10905486980417, 28.0178514522438, 143.4015341619468, 246.272207120495, 356.0056179332006, 210.4305110957059, 269.7647122957337, 297.89259809535383, 258.54400012377005, 104.30723848324239, 223.0425968284982, 169.75570682601514, 260.0173071162764, 88.54942122905152, 288.4614358974177, 242.404620418011, 247.52373623553763, 99.24716620639605, 231.10603626906848, 79.05694150420949, 244.53425117966603, 302.5359482772254], [338.60005906674024, 192.31744590650115, 191.44189719076647, 0.0, 398.12812008196556, 343.21421881967535, 192.2082204277434, 274.32280255202994, 226.29184695874486, 216.51789764358972, 438.0433768475446, 116.05602095539895, 171.9447585708852, 117.41379816699569, 437.01258563112344, 246.272207120495, 327.0122321871156, 370.6818042472546, 409.93901985539264, 214.9534833400008, 292.86515668477875, 402.9516099980245, 30.805843601498726, 289.932750823359, 108.00462953040486, 447.2359556207439, 94.2019108086455, 219.5130975591206, 254.2833065696606, 387.09172039711723, 224.72205054244233, 422.0675301418009, 310.9372927134987], [103.78824596263297, 453.43136195018536, 213.56029593536343, 398.12812008196556, 0.0, 230.82894099310857, 213.283848427395, 258.0174412709342, 266.4920261471251, 181.79658962697843, 67.67569726275453, 331.6398649137344, 239.82702099638396, 353.38930374305335, 114.62111498323509, 561.5300526240782, 305.88396492787916, 359.63453671748493, 364.1373367288776, 452.30189033432083, 146.12323566086263, 24.73863375370596, 371.9744614889576, 416.5441153107315, 301.6836091006603, 275.77164466275354, 455.96491093065487, 355.10561809129405, 223.64704335179573, 251.24092023394596, 179.2930561957155, 197.12178976460214, 463.4824700029118], [280.6314308839977, 292.851498203441, 185.80096878111266, 343.21421881967535, 230.82894099310857, 0.0, 184.40173534975207, 73.43704787094863, 358.8035674293108, 214.11212016137713, 209.0598000573042, 349.0, 187.0, 241.0020746798666, 166.4692163734785, 401.1807572653504, 79.75587752636166, 128.89142717807107, 136.33048081775402, 280.4086303950005, 112.40106761058811, 254.043303395307, 331.8870289722092, 208.60728654579637, 238.79907872519107, 105.1094667477673, 351.7527540759276, 431.9282347798069, 91.3892772703669, 45.65084884205331, 239.61636004246455, 93.94147114027967, 253.71243564319033], [182.91528093628483, 252.9229131573492, 1.4142135623730951, 192.2082204277434, 213.283848427395, 184.40173534975207, 0.0, 139.8177385026664, 183.412104289766, 52.61178575186362, 246.6779276708802, 166.43617395265971, 27.80287754891569, 143.28293687665675, 245.381335883559, 355.8005059018326, 209.05740838343903, 268.41199675126296, 296.5029510814353, 258.0174412709342, 103.23759005323593, 222.91253890259293, 170.66048165876012, 259.0077218926108, 89.0, 287.08883642524313, 242.68910152703603, 248.93774322107123, 97.83659846908007, 229.71286424577968, 80.02499609497022, 243.28789530101986, 301.5990716166083], [281.1138559374119, 223.1882613400624, 141.19844191774922, 274.32280255202994, 258.0174412709342, 73.43704787094863, 139.8177385026664, 0.0, 322.9876158616612, 182.72657168567466, 254.09643838511394, 293.97278785629123, 132.9661611087573, 168.24089871371942, 222.02927734873165, 332.91590529741893, 69.35416353759881, 129.46814279968643, 156.82155464093577, 213.283848427395, 114.47707194019246, 278.09530740377477, 265.7705777545739, 158.7765725792064, 173.97126199461795, 173.61163555476344, 278.40438214941946, 386.927641814332, 45.35416188179427, 113.86395390991831, 211.02843410308478, 165.13025161974412, 205.73040611440985], [169.00295855398508, 384.78305575999576, 182.0604295282201, 226.29184695874486, 266.4920261471251, 358.8035674293108, 183.412104289766, 322.9876158616612, 0.0, 144.69277798148738, 329.1230772826482, 112.6454615153225, 196.51208614230322, 271.0903908293321, 356.9257625893654, 464.69129537791, 392.32257136188326, 451.82408081021975, 479.22646003742324, 399.32067314377804, 253.53895164254348, 257.70137756713683, 195.92090240706835, 430.09882585284976, 201.08953229842672, 454.22901712682335, 317.35469115801646, 88.64536084872124, 279.6354770053328, 401.8855558489257, 120.28299963003916, 394.44264475332784, 467.8226159560908], [133.96268137059664, 302.80356668969404, 51.78802950489621, 216.51789764358972, 181.79658962697843, 214.11212016137713, 52.61178575186362, 182.72657168567466, 144.69277798148738, 0.0, 226.86119103980744, 160.01562423713506, 78.10889834071403, 190.057885919001, 237.42788378789885, 403.00124069287926, 251.71610993339303, 312.1618170116262, 336.8827689271151, 309.2264542370203, 111.83022847155415, 186.6815470259447, 190.19200824430033, 311.05787242890995, 126.58988901172162, 310.87618113969427, 280.61717695109115, 221.11083193728885, 137.88400922514546, 257.4024086911387, 28.635642126552707, 255.9472601924076, 354.0310720826634], [170.95028517086482, 466.84044383493597, 247.2973918180295, 438.0433768475446, 67.67569726275453, 209.0598000573042, 246.6779276708802, 254.09643838511394, 329.1230772826482, 226.86119103980744, 0.0, 384.15751977541714, 270.38676003088614, 377.3274440058661, 56.089214649520635, 576.9506044714747, 288.4874347350331, 335.5190009522561, 332.61389026918283, 461.8971747045006, 156.98407562552325, 87.68124086713189, 414.2764777295472, 411.04865892008456, 335.2148564726808, 229.36869882353173, 485.6871420986971, 417.6601489249363, 229.31637534201522, 217.70163067832084, 231.00216449202375, 151.0, 457.6330407651965], [251.80349481291955, 292.3439754809392, 165.10905486980417, 116.05602095539895, 331.6398649137344, 349.0, 166.43617395265971, 293.97278785629123, 112.6454615153225, 160.01562423713506, 384.15751977541714, 0.0, 162.5423021862309, 188.16216410320115, 397.44307768534605, 360.37341744362885, 359.2798352259698, 413.4948609112331, 447.6036192883163, 310.8858311341963, 265.41476974727686, 330.17116772970957, 87.0976463516667, 362.8360511305347, 130.08458786497346, 452.91610702204, 209.55428890862626, 111.19802156513397, 258.7682360723588, 394.62007044751283, 153.32644912082193, 408.724846320847, 393.7829351305107], [210.2974084481309, 225.47061892849808, 28.0178514522438, 171.9447585708852, 239.82702099638396, 187.0, 27.80287754891569, 132.9661611087573, 196.51208614230322, 78.10889834071403, 270.38676003088614, 162.5423021862309, 0.0, 115.52056094046635, 265.37709019431196, 328.0015243867016, 200.68383093812017, 258.21309029559285, 289.110705439975, 231.19256043393784, 120.93386622447825, 250.13796193301008, 153.16004700965587, 237.76038357977134, 65.25335240430181, 291.62475889402805, 216.60332407421637, 254.4346674492295, 96.25487000666512, 232.64780248263682, 103.75451797391764, 254.566297847928, 279.00716836669267], [323.9753077010654, 115.94826432508596, 143.4015341619468, 117.41379816699569, 353.38930374305335, 241.0020746798666, 143.28293687665675, 168.24089871371942, 271.0903908293321, 190.057885919001, 377.3274440058661, 188.16216410320115, 115.52056094046635, 0.0, 363.03443362854716, 213.01643129110957, 212.84031572989173, 253.6631624812716, 293.4211989614929, 128.3160161476345, 220.95248357961492, 364.9657518178932, 121.51131634543344, 177.55280904564702, 71.19691004531025, 341.2359887233467, 112.58774356030055, 298.9046670763105, 160.85397104206038, 281.93970986719836, 211.53250341259616, 328.3245345690754, 205.7668583615933], [211.4000946073582, 442.3776667057233, 246.272207120495, 437.01258563112344, 114.62111498323509, 166.4692163734785, 245.381335883559, 222.02927734873165, 356.9257625893654, 237.42788378789885, 56.089214649520635, 397.44307768534605, 265.37709019431196, 363.03443362854716, 0.0, 552.7838637297583, 246.0101623917191, 288.2585644868162, 281.7268180347764, 434.60901969471365, 144.81022063376605, 137.90576492663388, 416.0252396189443, 373.8836717483126, 330.4557459025338, 174.01149387324966, 474.43650787012587, 444.1823949685534, 205.91260281974002, 167.6305461424021, 247.95160818191923, 96.62815324738438, 419.6403221807933], [536.9543742255947, 110.43550153822818, 356.0056179332006, 246.272207120495, 561.5300526240782, 401.1807572653504, 355.8005059018326, 332.91590529741893, 464.69129537791, 403.00124069287926, 576.9506044714747, 360.37341744362885, 328.0015243867016, 213.01643129110957, 552.7838637297583, 0.0, 338.04881304332366, 342.3813663153998, 382.099463490856, 120.93386622447825, 420.880030412468, 575.0130433303231, 273.40263349134, 216.566387050253, 279.6515689210415, 479.0093944798995, 152.3285921946369, 465.7209464904923, 348.209706929603, 429.19692449969864, 423.6153915995027, 495.1171578525632, 194.65867563507155], [342.9125252888847, 234.7871376374779, 210.4305110957059, 327.0122321871156, 305.88396492787916, 79.75587752636166, 209.05740838343903, 69.35416353759881, 392.32257136188326, 251.71610993339303, 288.4874347350331, 359.2798352259698, 200.68383093812017, 212.84031572989173, 246.0101623917191, 338.04881304332366, 0.0, 60.728905802755904, 88.52683209061533, 217.86234185833953, 172.07265907168403, 328.105166067223, 322.7692674341843, 132.80060240827223, 234.4013651837378, 141.4390328021229, 314.3835237413055, 455.1098768429444, 113.84638773364749, 92.78469701410896, 279.8517464658743, 165.8493292117879, 176.1050822662424], [402.3046109604015, 249.51352668743232, 269.7647122957337, 370.6818042472546, 359.63453671748493, 128.89142717807107, 268.41199675126296, 129.46814279968643, 451.82408081021975, 312.1618170116262, 335.5190009522561, 413.4948609112331, 258.21309029559285, 253.6631624812716, 288.2585644868162, 342.3813663153998, 60.728905802755904, 0.0, 41.773197148410844, 228.0, 231.14713928578047, 382.65519727294964, 370.0, 125.93649193144932, 285.72714256787015, 149.40214188558343, 345.04637369489916, 512.3055728761888, 174.39323381370048, 121.93850909372314, 340.3894827987492, 198.33809518093088, 158.4960567332828], [416.5573189850348, 290.99140880788906, 297.89259809535383, 409.93901985539264, 364.1373367288776, 136.33048081775402, 296.5029510814353, 156.82155464093577, 479.22646003742324, 336.8827689271151, 332.61389026918283, 447.6036192883163, 289.110705439975, 293.4211989614929, 281.7268180347764, 382.099463490856, 88.52683209061533, 41.773197148410844, 0.0, 269.1189328159578, 246.45486402179202, 388.0206180088888, 408.0061274049693, 165.59287424282482, 321.6286678764814, 125.09996003196804, 386.57987531686126, 543.4850503923728, 199.6246477767713, 114.93476410555685, 364.4859393721519, 187.0320828093405, 194.24726510301247], [440.70965498840616, 26.40075756488817, 258.54400012377005, 214.9534833400008, 452.30189033432083, 280.4086303950005, 258.0174412709342, 213.283848427395, 399.32067314377804, 309.2264542370203, 461.8971747045006, 310.8858311341963, 231.19256043393784, 128.3160161476345, 434.60901969471365, 120.93386622447825, 217.86234185833953, 228.0, 269.1189328159578, 0.0, 308.09901006007794, 467.89849326536626, 232.18096390531244, 106.30145812734649, 199.21847303902317, 359.2005011132362, 144.97241116847025, 422.0154025625131, 232.64780248263682, 308.4234102658227, 333.6240399012038, 374.31804658605495, 104.80935072788114], [171.1724276862369, 311.24267059643347, 104.30723848324239, 292.86515668477875, 146.12323566086263, 112.40106761058811, 103.23759005323593, 114.47707194019246, 253.53895164254348, 111.83022847155415, 156.98407562552325, 265.41476974727686, 120.93386622447825, 220.95248357961492, 144.81022063376605, 420.880030412468, 172.07265907168403, 231.14713928578047, 246.45486402179202, 308.09901006007794, 0.0, 164.69365500832143, 273.11719096387907, 271.48664792214, 185.776747737708, 200.8233054204616, 330.92597359530424, 332.8242779606079, 77.52418977325722, 151.16216457830973, 133.30416347586447, 144.46106741956464, 318.30802691732424], [90.24411338142782, 467.9016990779153, 223.0425968284982, 402.9516099980245, 24.73863375370596, 254.043303395307, 222.91253890259293, 278.09530740377477, 257.70137756713683, 186.6815470259447, 87.68124086713189, 330.17116772970957, 250.13796193301008, 364.9657518178932, 137.90576492663388, 575.0130433303231, 328.105166067223, 382.65519727294964, 388.0206180088888, 467.89849326536626, 164.69365500832143, 0.0, 375.8257574994029, 436.07912126126837, 310.0403199585499, 300.5095672353877, 464.8139412711284, 345.878591416121, 241.94627502815578, 275.5249534978638, 180.36074961032958, 221.84003245582164, 482.94513145905097], [309.3428518650463, 211.29363454680788, 169.75570682601514, 30.805843601498726, 371.9744614889576, 331.8870289722092, 170.66048165876012, 265.7705777545739, 195.92090240706835, 190.19200824430033, 414.2764777295472, 87.0976463516667, 153.16004700965587, 121.51131634543344, 416.0252396189443, 273.40263349134, 322.7692674341843, 370.0, 408.0061274049693, 232.18096390531244, 273.11719096387907, 375.8257574994029, 0.0, 298.52973051272465, 93.14504817756014, 436.74363189404374, 122.5275479229059, 194.02319448973105, 241.32343441945292, 376.6337743750552, 196.49173010587495, 406.73578647569235, 323.4145945995635], [429.7033860699727, 130.64838307457157, 260.0173071162764, 289.932750823359, 416.5441153107315, 208.60728654579637, 259.0077218926108, 158.7765725792064, 430.09882585284976, 311.05787242890995, 411.04865892008456, 362.8360511305347, 237.76038357977134, 177.55280904564702, 373.8836717483126, 216.566387050253, 132.80060240827223, 125.93649193144932, 165.59287424282482, 106.30145812734649, 271.48664792214, 436.07912126126837, 298.52973051272465, 0.0, 234.78500803926983, 268.06156009394556, 240.62626623043462, 471.66619552391074, 195.1127878945919, 225.22211259110415, 339.0, 298.4660784745898, 46.95742752749558], [259.5630944491146, 187.0106948813356, 88.54942122905152, 108.00462953040486, 301.6836091006603, 238.79907872519107, 89.0, 173.97126199461795, 201.08953229842672, 126.58988901172162, 335.2148564726808, 130.08458786497346, 65.25335240430181, 71.19691004531025, 330.4557459025338, 279.6515689210415, 234.4013651837378, 285.72714256787015, 321.6286678764814, 199.21847303902317, 185.776747737708, 310.0403199585499, 93.14504817756014, 234.78500803926983, 0.0, 343.7397271192261, 154.80633061990713, 237.00843866833097, 148.1924424523734, 283.67763394388356, 144.51643505151932, 314.5313974788527, 269.0074348414928], [351.1267577385694, 376.1515651967967, 288.4614358974177, 447.2359556207439, 275.77164466275354, 105.1094667477673, 287.08883642524313, 173.61163555476344, 454.22901712682335, 310.87618113969427, 229.36869882353173, 452.91610702204, 291.62475889402805, 341.2359887233467, 174.01149387324966, 479.0093944798995, 141.4390328021229, 149.40214188558343, 125.09996003196804, 359.2005011132362, 200.8233054204616, 300.5095672353877, 436.74363189404374, 268.06156009394556, 343.7397271192261, 0.0, 449.250486922385, 531.4978833447975, 196.468827043885, 60.166435825965294, 333.94610343586885, 79.07591289387686, 305.9967320086932], [411.5968901728972, 118.92854997854805, 242.404620418011, 94.2019108086455, 455.96491093065487, 351.7527540759276, 242.68910152703603, 278.40438214941946, 317.35469115801646, 280.61717695109115, 485.6871420986971, 209.55428890862626, 216.60332407421637, 112.58774356030055, 474.43650787012587, 152.3285921946369, 314.3835237413055, 345.04637369489916, 386.57987531686126, 144.97241116847025, 330.92597359530424, 464.8139412711284, 122.5275479229059, 240.62626623043462, 154.80633061990713, 449.250486922385, 0.0, 313.43898927861545, 273.4410356914265, 391.0012787702874, 295.6247621563525, 440.52809218028307, 249.15858403835898], [256.4995126701024, 403.11288741492746, 247.52373623553763, 219.5130975591206, 355.10561809129405, 431.9282347798069, 248.93774322107123, 386.927641814332, 88.64536084872124, 221.11083193728885, 417.6601489249363, 111.19802156513397, 254.4346674492295, 298.9046670763105, 444.1823949685534, 465.7209464904923, 455.1098768429444, 512.3055728761888, 543.4850503923728, 422.0154025625131, 332.8242779606079, 345.878591416121, 194.02319448973105, 471.66619552391074, 237.00843866833097, 531.4978833447975, 313.43898927861545, 0.0, 346.666987179339, 476.48924436969196, 201.06217943710845, 476.2740807560285, 504.0991965873383], [237.76038357977134, 237.86130412490385, 99.24716620639605, 254.2833065696606, 223.64704335179573, 91.3892772703669, 97.83659846908007, 45.35416188179427, 279.6354770053328, 137.88400922514546, 229.31637534201522, 258.7682360723588, 96.25487000666512, 160.85397104206038, 205.91260281974002, 348.209706929603, 113.84638773364749, 174.39323381370048, 199.6246477767713, 232.64780248263682, 77.52418977325722, 241.94627502815578, 241.32343441945292, 195.1127878945919, 148.1924424523734, 196.468827043885, 273.4410356914265, 346.666987179339, 0.0, 136.8941196691808, 166.01204775557707, 169.04733065032408, 241.69815886762564], [313.12936623702353, 323.484157262763, 231.10603626906848, 387.09172039711723, 251.24092023394596, 45.65084884205331, 229.71286424577968, 113.86395390991831, 401.8855558489257, 257.4024086911387, 217.70163067832084, 394.62007044751283, 232.64780248263682, 281.93970986719836, 167.6305461424021, 429.19692449969864, 92.78469701410896, 121.93850909372314, 114.93476410555685, 308.4234102658227, 151.16216457830973, 275.5249534978638, 376.6337743750552, 225.22211259110415, 283.67763394388356, 60.166435825965294, 391.0012787702874, 476.48924436969196, 136.8941196691808, 0.0, 282.02836736753983, 76.60939890117922, 267.22649569232465], [115.97413504743201, 325.92330386150667, 79.05694150420949, 224.72205054244233, 179.2930561957155, 239.61636004246455, 80.02499609497022, 211.02843410308478, 120.28299963003916, 28.635642126552707, 231.00216449202375, 153.32644912082193, 103.75451797391764, 211.53250341259616, 247.95160818191923, 423.6153915995027, 279.8517464658743, 340.3894827987492, 364.4859393721519, 333.6240399012038, 133.30416347586447, 180.36074961032958, 196.49173010587495, 339.0, 144.51643505151932, 333.94610343586885, 295.6247621563525, 201.06217943710845, 166.01204775557707, 282.02836736753983, 0.0, 275.42875666858026, 381.57830126987045], [277.1082820848197, 386.700142229092, 244.53425117966603, 422.0675301418009, 197.12178976460214, 93.94147114027967, 243.28789530101986, 165.13025161974412, 394.44264475332784, 255.9472601924076, 151.0, 408.724846320847, 254.566297847928, 328.3245345690754, 96.62815324738438, 495.1171578525632, 165.8493292117879, 198.33809518093088, 187.0320828093405, 374.31804658605495, 144.46106741956464, 221.84003245582164, 406.73578647569235, 298.4660784745898, 314.5313974788527, 79.07591289387686, 440.52809218028307, 476.2740807560285, 169.04733065032408, 76.60939890117922, 275.42875666858026, 0.0, 341.8552325180938], [475.0789408087881, 131.20975573485381, 302.5359482772254, 310.9372927134987, 463.4824700029118, 253.71243564319033, 301.5990716166083, 205.73040611440985, 467.8226159560908, 354.0310720826634, 457.6330407651965, 393.7829351305107, 279.00716836669267, 205.7668583615933, 419.6403221807933, 194.65867563507155, 176.1050822662424, 158.4960567332828, 194.24726510301247, 104.80935072788114, 318.30802691732424, 482.94513145905097, 323.4145945995635, 46.95742752749558, 269.0074348414928, 305.9967320086932, 249.15858403835898, 504.0991965873383, 241.69815886762564, 267.22649569232465, 381.57830126987045, 341.8552325180938, 0.0]]
0世代
rank = 0, pop_id = 0, calclation_time:111.82992482185364[sec]
pop_index = 0, scores = 711.8836444717148, rank = 0
0世代評価 : [711.8836444717148, 714.8940047993883, 684.7161687361576, 729.826648359725, 715.5156296320129, 728.4243127675924, 717.5270670477869, 725.5487029319265, 706.8804700266558, 690.7992300161326, 773.6130067046621, 723.9591815534053, 650.9737418888965, 743.046411625761, 781.6201521237175, 810.9479544644909, 736.9886353913126, 771.6951493154032, 749.3667719098579, 784.4166370200228, 695.9658057699833, 733.7535152826315, 696.5807980268962, 782.9596842844496, 636.6515393146345, 733.4403211066167, 721.7315249519671, 710.9281567115327, 730.4600071810983, 661.6649396350582, 798.584624881972, 701.5311603768042, 712.2601370144929, 777.9995431689405, 760.5349893293765, 678.6265967620213, 754.0671720626482, 736.7455221489926, 739.5167968050047, 740.9291667002436, 683.8001511633997, 770.1107214247139, 725.2078802015949, 776.2452894514473, 737.5831304550292, 759.9704662189687, 756.1958036260799, 775.3772972152921, 718.3462410669053, 723.7965810188166, 762.7283937835381, 701.9153763741351, 705.2709301732841, 688.7793147919132, 718.190291711516, 734.7003407762667, 707.4937859177984, 712.5888530108, 697.2184014735792, 811.9295917745766, 794.7851101975486, 762.8419457280359, 754.1583857347113, 686.7430524880272, 701.0100812885871, 713.2452251859853, 733.3440475171885, 688.3124377293323, 692.2019529130948, 736.4759142059605, 684.9851362860624, 717.6468207928659, 730.6422012075988, 751.2573940890742, 693.4903411362545, 756.7383766532304]
0世代, new best [1, 0, 0, 1, 1, 1, 0, 1, 0, 1, 0, 1, 1, 0, 1, 1, 1, 0, 1, 1, 1, 1, 0, 1, 1, 1, 1, 1, 1, 0, 1, 1, 0] = 729.826648359725
拠点利用数 : 23
0世代, new best [1, 0, 0, 1, 0, 1, 1, 0, 1, 1, 1, 0, 0, 1, 1, 1, 1, 1, 1, 1, 0, 0, 0, 1, 0, 1, 1, 0, 0, 0, 1, 1, 1] = 715.5156296320129
拠点利用数 : 20
0世代, new best [1, 1, 1, 1, 1, 1, 0, 1, 0, 1, 1, 1, 1, 1, 0, 0, 0, 1, 1, 1, 1, 0, 0, 1, 1, 1, 1, 0, 1, 0, 1, 1, 0] = 706.8804700266558
拠点利用数 : 23
0世代, new best [1, 0, 1, 1, 0, 1, 0, 0, 1, 1, 0, 1, 1, 1, 1, 0, 1, 1, 0, 0, 1, 1, 1, 1, 1, 0, 0, 1, 1, 1, 0, 0, 0] = 690.7992300161326
拠点利用数 : 20
0世代, new best [0, 1, 0, 1, 1, 1, 0, 0, 1, 1, 0, 1, 0, 0, 1, 0, 0, 1, 0, 1, 0, 1, 1, 1, 1, 1, 0, 1, 1, 1, 1, 1, 0] = 683.8001511633997
拠点利用数 : 20
1世代
rank = 0, pop_id = 0, calclation_time:139.51100420951843[sec]
pop_index = 0, scores = 731.1402397027997, rank = 0
1世代評価 : [731.1402397027997, 757.60558989124, 750.3053009440679, 702.8303587185568, 743.74698827714, 723.2166909565602, 733.7910556694565, 697.0886772850521, 664.2659020909399, 693.2007615452277, 751.9972391217221, 788.6470612995179, 740.5716261671402, 731.9252711298675, 790.8788734794854, 711.2821695561873, 699.1312138830119, 733.2852596738231, 723.3555671228916, 675.5069069915538, 661.8387823433421, 678.8603238890198, 659.484595064928, 698.3248698770471, 734.2389674396458, 660.7762136341987, 689.2191815253373, 639.7032803579195, 729.083618352318, 728.4626138964945, 743.4472140726615, 846.1136144173719, 746.3161714523884, 743.6959898656523, 702.7398288579052, 742.2615863079047, 724.9147988470781, 801.2334361176587, 698.6480418790168, 733.9723467337997, 701.3555841824437, 782.9779824699025, 707.5995037621141, 733.5594307275016, 654.0775545205324, 702.2167715545061, 739.4381271418209, 726.8166985643245, 722.8242949153288, 672.3958961652238, 742.2964381564269, 711.9996361206714, 780.1014672030987, 754.4132068283468, 703.1437083283379, 689.2178374526225, 739.4555963217261, 721.20374076966, 838.7741875202868, 674.9612786997295, 750.8060389761265, 746.147610955308, 787.6035466839295, 749.7313090207753, 732.4657546346249, 727.9811199581295, 690.0385460724266, 717.2747381453968, 722.1093619486414, 718.3082141334326, 656.1270903668507, 766.7723348282732, 720.6549014335149, 739.5378390626046, 719.0491697785491, 782.977914680483]
2世代
rank = 0, pop_id = 0, calclation_time:88.31166434288025[sec]
pop_index = 0, scores = 652.6571760560527, rank = 0
2世代評価 : [652.6571760560527, 743.0130559934618, 709.5823407547743, 692.3035144437172, 700.3431219199105, 707.1514439040666, 730.9660975727539, 787.0378822755144, 719.2347639786417, 722.3629732786885, 689.3115460558099, 707.7668663491738, 707.8101497038804, 764.1118867220142, 692.5605495355526, 678.7321135941505, 753.6829053386417, 651.9648738312619, 765.9555011702682, 693.4756695983349, 744.4906061599708, 762.1129769787472, 661.8496366327327, 751.8722659163052, 747.5962120019915, 789.8778218685301, 733.1021217215074, 740.85253653269, 732.5173528356648, 711.6952753545226, 724.7019031445745, 737.7761528756891, 707.0045516083452, 674.211271968783, 649.7285330844087, 680.9187632843334, 704.2627516370474, 706.2691454032577, 701.9753917163592, 706.302873346799, 854.4347035499205, 728.3172630270321, 695.5603498159758, 705.7030030924543, 736.9260898136324, 749.8215290194139, 742.5774719639116, 652.0653672199354, 738.3208657079848, 727.4271593609911, 682.6663407406326, 705.4109656778704, 738.7667053232308, 701.2950504291301, 759.1802516256841, 663.4476514459577, 737.1090284632575, 681.2847677642186, 780.4888569840567, 738.9928968697528, 720.0807045343126, 776.1104630976544, 715.9968024865831, 711.759644414108, 735.1828050437142, 694.2299220735034, 685.6849473601774, 781.7199399313355, 706.2278843111046, 689.6193029273769, 709.6164179757241, 746.3061598234732, 713.2310175446225, 725.080249923738, 728.1098558527646, 793.123368420956]
3世代
rank = 0, pop_id = 0, calclation_time:144.45822763442993[sec]
pop_index = 0, scores = 739.8356357090028, rank = 0
3世代評価 : [739.8356357090028, 638.5590532979973, 819.7956983963448, 751.5271805414562, 687.1468771184456, 755.0353099484435, 711.2497604567659, 670.3128600180349, 710.0498542194232, 757.0184684791313, 703.603960050559, 729.7986454542887, 748.8579467179474, 710.4837240985133, 789.4986559867542, 750.5666163908555, 728.2702904403853, 676.7289574698987, 718.8370101615975, 741.3786171152082, 694.2424715483502, 712.0278334886683, 690.5831148975507, 689.861315235726, 759.0927411533968, 715.0668470207777, 762.1496504474078, 687.3222567458557, 706.1964150732646, 720.2266274984389, 654.3363398227865, 729.9529144686364, 629.5615227855767, 700.6612205801536, 748.1340651164331, 733.8634711698182, 666.7790704706232, 703.9966495524483, 771.6139313088381, 716.4268850112967, 657.0942622916252, 801.978861374154, 736.4586207019938, 725.2152428746264, 700.0159389759539, 723.0706396327438, 721.0625776188056, 695.8728510558631, 719.8499362036051, 780.2235010880926, 718.65924279066, 663.6547627998018, 702.9824818007606, 676.8911604282051, 752.6284243153402, 591.2614289924154, 712.2543994176604, 775.3678244735978, 724.9005645822707, 739.4321060959838, 706.1380515373779, 799.1255825891894, 733.4308092293908, 662.9572382982224, 729.011458839145, 727.1374226052395, 739.2530369980082, 753.3080494859055, 834.4864264463778, 673.2742215801641, 764.7773562296801, 728.613627708541, 724.9027483445333, 720.1694318695727, 754.1465536729079, 745.4487311591046]
3世代, new best [1, 1, 1, 1, 0, 1, 0, 1, 1, 1, 0, 1, 1, 1, 1, 0, 0, 1, 0, 0, 1, 1, 0, 1, 1, 0, 1, 0, 1, 1, 1, 0, 1] = 662.9572382982224
拠点利用数 : 22
4世代
rank = 0, pop_id = 0, calclation_time:132.99917602539062[sec]
pop_index = 0, scores = 755.5633565635375, rank = 0
4世代評価 : [755.5633565635375, 752.9891828139631, 708.2799721388936, 717.7247109839518, 731.6581601070836, 671.1358055301591, 698.0656764655166, 722.1629895397915, 774.6988885780804, 742.3666854971862, 650.9750617675081, 718.8109489876882, 705.9908875987132, 777.5725362922446, 744.4230700892289, 760.145619633412, 748.1143414117516, 684.899883369187, 747.5657635614424, 739.3623415740235, 789.3326824652632, 713.3443544882383, 743.4075336094064, 762.1521772138411, 723.8767065490541, 751.1922893397859, 739.4390601451241, 726.9153030380018, 725.2189071140649, 692.0436843420414, 671.4488419934988, 703.3168933296752, 647.9246666091988, 718.7278242369473, 616.3917394589505, 671.3076543980807, 720.9904037104144, 664.3779791678961, 682.3102592057654, 690.146351601227, 699.6312811543718, 703.7201137845879, 697.8297359777256, 716.2758809030689, 749.7525244525707, 777.2855709167153, 701.0387604030501, 698.6080278581056, 732.8922016915898, 734.5608424266131, 723.2207810545182, 719.9629928369382, 744.8413236582074, 728.6672015671815, 731.2615866134136, 759.8211044091553, 640.0063382045555, 730.9566934412903, 681.4332309536644, 688.5469897734475, 687.529535530667, 636.6333522652093, 727.0215522544049, 779.557268053464, 799.9240954592823, 721.3033073924254, 676.2622232355753, 676.5807479757177, 680.797603334913, 703.5726519826571, 752.3597667897099, 721.3437296727009, 708.6937757703565, 709.2631646668352, 778.9406400563282, 792.4354990602315]
5世代
rank = 0, pop_id = 0, calclation_time:152.64667415618896[sec]
pop_index = 0, scores = 749.3145457631229, rank = 0
5世代評価 : [749.3145457631229, 696.7193332988568, 799.330968486793, 667.5205673213337, 702.221492378532, 645.5205558894176, 762.9713924092927, 739.838666538051, 674.996978477412, 701.7711048820119, 695.7063461893555, 707.5565701967014, 735.8558979577004, 714.7758198427593, 748.910046455026, 706.7540173232201, 730.3823593198483, 778.6966974342525, 673.1690117603063, 711.9576305298943, 702.3704180006351, 609.1312725950057, 711.2754203589682, 743.2471928231625, 693.7619048304418, 816.8756859649233, 734.5738667805601, 737.794303843374, 706.8268037208617, 729.1792920797021, 715.4009496432727, 764.4910886516476, 693.5309678548095, 768.5930270611457, 712.8974326382133, 726.9326581719216, 688.2877093180065, 697.9095696681329, 687.7864631055313, 724.4364487098549, 787.6146409092539, 757.9411583586383, 728.3436261837899, 759.5028713854813, 689.691057804606, 713.5973785970378, 760.068556003024, 771.1172083768259, 745.2256328393732, 737.8916466287501, 713.7476710252147, 698.0467837151676, 694.5133459155091, 709.5824205634874, 777.8936304499551, 721.1777131606741, 629.53568131245, 771.9703974403925, 730.4977329403467, 734.4666538356939, 711.8998133104285, 756.2699004985765, 764.2852717871714, 735.4127272012423, 726.4840421454795, 791.1698214297027, 717.9448077567506, 725.2831936920956, 663.4735158457637, 753.5504962586939, 714.1319813738353, 794.3078917708418, 753.492598846777, 751.4518105916316, 636.7821677216441, 728.8889315690424]
6世代
rank = 0, pop_id = 0, calclation_time:126.07750129699707[sec]
pop_index = 0, scores = 701.0339933741566, rank = 0
6世代評価 : [701.0339933741566, 706.9906099624696, 719.1366522691538, 755.4635826411999, 865.566279165858, 783.2478881046637, 737.2633976677317, 698.0957491295368, 753.2162346900815, 625.3258809450915, 680.5456548676184, 725.4752258952101, 778.683732302327, 832.2260490790123, 737.8608116860668, 729.874697904589, 686.216756708835, 800.2113327235026, 724.0163840757536, 724.2962584608163, 718.064085161891, 734.7146684859613, 711.7981344336072, 737.8589358576439, 682.9586623656077, 734.4449421337191, 686.2185307745666, 756.9306323356916, 703.7218033585143, 712.5056575196684, 697.2463638594407, 687.816065798082, 707.3825941485388, 700.9725576608613, 683.550757767723, 617.9161281601539, 677.845020529675, 725.620373444882, 708.4462387155932, 737.0489476641017, 645.0834331901211, 729.4504684387005, 690.7193635296752, 712.594956902748, 677.1763408055007, 704.0385743380344, 734.7562474754849, 649.684903684878, 705.9940032612379, 716.2192398491801, 732.5350634356894, 606.9666495416072, 724.2650173220953, 787.2476155376675, 711.062632004469, 697.5607008745452, 742.7915302232902, 714.123056007345, 655.7183701152753, 716.891982188048, 766.9110934029226, 769.5032173008259, 685.0347939547571, 684.7826914429501, 707.7735212173955, 704.9674499357699, 672.2839308728026, 677.3232657524994, 684.3859597238234, 692.1805624003418, 744.0769686808125, 732.5505996395427, 654.1926167253481, 745.3258478890634, 744.5178151201574, 692.2048731048972]
7世代
rank = 0, pop_id = 0, calclation_time:132.70589542388916[sec]
pop_index = 0, scores = 697.7979881118875, rank = 0
7世代評価 : [697.7979881118875, 722.0595710247133, 693.3675253179318, 783.3736954126553, 737.7683948678608, 728.5047428658686, 705.8137259361523, 729.177463749632, 717.3346412773101, 710.8492545349003, 716.212079882372, 674.4011729637604, 767.0097588024283, 729.3466239513177, 707.2341019080028, 736.4304487216737, 712.1912770515796, 680.0696792140047, 780.0097420314451, 649.7804213975842, 706.4308100893219, 718.3849353016527, 696.4327398709586, 737.5534788425633, 739.916425574854, 690.5261370028473, 693.9668659412424, 710.8724548862225, 724.1068763405449, 644.5798945252589, 701.2189142380051, 686.8141824609868, 775.6724393114017, 704.8168802111804, 711.3144990945916, 774.4799632809265, 724.9415029316441, 704.0416950273736, 680.2908902126057, 753.4324112524375, 677.2409596300315, 697.3128608897678, 721.3775078633438, 711.6812358074515, 712.0619917270728, 717.143138488916, 690.8873136661613, 680.5084072598476, 705.7673063355868, 699.666890959966, 742.2933204476687, 702.0337548366853, 746.6470302426291, 673.9027033349646, 676.4486706705125, 713.987078674349, 708.6527028938775, 738.9789139485638, 678.9332111101744, 740.516042488148, 679.4556695107774, 717.8154875507703, 740.9880140171654, 742.9740877286569, 717.3913166819033, 745.0273580516839, 716.078389757029, 746.3349805715039, 723.071391791057, 656.3833573249026, 747.9128618610805, 779.2746139815415, 716.6819479362249, 732.9239053622565, 709.8214214884342, 713.7353761114798]
8世代
rank = 0, pop_id = 0, calclation_time:120.09238386154175[sec]
pop_index = 0, scores = 732.9767591624528, rank = 0
8世代評価 : [732.9767591624528, 736.4520807376571, 742.0110191130971, 697.7354420628293, 738.4729421664894, 746.8670451156203, 707.6822796888529, 703.4699594286442, 667.5041526894036, 783.3547150071612, 742.8062057840115, 718.8035085433534, 701.9078882649178, 705.9579265426314, 736.6980419251671, 746.9829248858309, 695.9612863796162, 768.8309799422868, 704.874919200611, 698.1915753734456, 746.6579106578265, 718.2302749175315, 733.3343596634523, 746.2782727525854, 650.7443275742908, 691.5812757101362, 711.4401837064737, 739.2185077305408, 719.7924733877943, 719.759116802489, 712.8475438204339, 716.7037432563665, 693.0589254113509, 770.081637973401, 723.4575447401957, 760.6277591131827, 743.7003895365444, 729.9566052931484, 770.022287356345, 686.3228279934947, 750.7929708962569, 726.9478198284743, 740.0344105170861, 693.0934028641469, 639.2072017068723, 742.4038730238377, 713.3378246853407, 717.7090780322093, 754.551587196499, 723.0588991314798, 695.7984693220993, 735.6604023014027, 735.041998030501, 695.6842069568753, 711.5211816721679, 677.7196508457455, 735.5815721382974, 716.2194984401389, 716.7710420674098, 692.2476613306816, 700.8612169392412, 705.8486996834637, 805.7001510058567, 759.7360771658078, 727.4945348711774, 706.9779206765843, 756.8170153832207, 706.327699323534, 740.9355558343642, 674.9272052087434, 753.9434897200371, 733.4754205080501, 709.9928682315693, 686.4814000532392, 722.1069444154492, 722.5078259790585]
9世代
rank = 0, pop_id = 0, calclation_time:126.83129620552063[sec]
pop_index = 0, scores = 718.6683028247751, rank = 0
9世代評価 : [718.6683028247751, 729.0703468098462, 739.9949470091673, 765.2856911316143, 722.8440706061425, 747.9385884920002, 725.4216788704367, 751.9784026113797, 703.4082055019069, 667.123476743581, 712.1013540854889, 653.2770846550733, 726.0822549175845, 682.6877700655297, 670.67737747121, 700.3703534915088, 659.4186892223615, 767.0573718883763, 720.4033379982945, 772.3057822302908, 745.5776337748217, 727.7936017885863, 697.36223215775, 680.0663021040597, 759.5118711885628, 694.8271485812556, 703.75743305181, 707.8771825611677, 788.6469702211239, 710.5363377124569, 691.4802080154979, 692.5421593455651, 718.6602323035881, 756.5239099936553, 645.1497117942063, 632.2917554528783, 731.9644851215974, 719.8951165784632, 709.3817571009574, 701.0768398375918, 755.987512468811, 741.427497061933, 711.4152354645773, 738.91534818972, 705.4171443919447, 661.8996062347642, 707.3154658646672, 690.940878257819, 718.6027740340045, 626.1113019273087, 749.9001370030163, 683.2272300483817, 714.7118810916793, 655.8565764374713, 684.8289388164415, 741.2381227757395, 761.414301686283, 743.8433917030551, 652.6695558215796, 711.0766425252963, 755.089101191514, 683.315945420876, 680.8665333152568, 708.7218761452408, 741.6211960459387, 730.4970979992913, 775.1081181090522, 672.6242488841407, 724.8028994345005, 760.389069804377, 796.4901979706173, 690.6317147540187, 718.3157451392844, 726.1623183469853, 663.3753843754216, 749.713788541616]
10世代
rank = 0, pop_id = 0, calclation_time:144.90990614891052[sec]
pop_index = 0, scores = 775.9192153614463, rank = 0
10世代評価 : [775.9192153614463, 771.9383085832221, 712.736768705387, 716.459342877612, 667.3208953129008, 700.1937474851945, 682.990581751971, 741.267351849901, 739.2394439670853, 734.6203119797581, 731.3467065026994, 723.4204847681436, 721.7399617732428, 759.9055031719325, 738.4755256885416, 681.7405877408933, 689.3176469092272, 690.6436356400561, 726.096095805546, 733.1830036490828, 767.159044386066, 699.3359065331289, 631.5757194580063, 708.729751361936, 712.5336045284995, 740.6761713524801, 753.6903074369375, 713.8814639051101, 757.5372207128, 719.857999478359, 740.228946652575, 661.8747147974832, 682.1399616594395, 699.6793961292954, 669.2004183825312, 748.5871664315221, 716.2420588265035, 724.5624171814301, 709.5704418608007, 762.1619876842356, 719.0242198822508, 766.755413172111, 699.7597567226018, 712.7209107185927, 676.034867551037, 758.0606391147675, 727.4071408360911, 744.0723737466502, 741.4619050885454, 729.401128234873, 717.8759463991915, 750.6888421437978, 733.8887476518129, 775.5420883947612, 708.0272801929808, 719.1140665199081, 698.2561495762001, 708.4232010011684, 719.3512589551236, 696.9705656762391, 688.0824493765743, 742.5836542402353, 703.6980377811137, 734.2349540483418, 688.5285961261036, 718.8027299884113, 716.9389264240762, 713.9945247850449, 689.9925338881974, 695.2823375270519, 737.5661962724017, 781.3562587642837, 736.6038886345052, 707.1772861375862, 719.7728226382653, 740.273478489307]
11世代
rank = 0, pop_id = 0, calclation_time:126.43969225883484[sec]
pop_index = 0, scores = 715.5226141287665, rank = 0
