Popularity : [[4, 4], [6, 2], [15, 16], [8, 17], [7, 7], [3, 2], [7, 5], [3, 18], [9, 3], [5, 6], [3, 5], [6, 5], [5, 10], [6, 4], [4, 4], [7, 4], [17, 5], [6, 2], [6, 5], [14, 3], [7, 15], [4, 6], [5, 6], [3, 1], [5, 6], [1, 5], [6, 2], [15, 5], [3, 8], [14, 3], [7, 3], [4, 17], [15, 7]]
Distance : [[0.0, 244.12496799794977, 219.40145851839728, 326.377082528783, 90.80198235721508, 268.78430013674534, 211.29126815843574, 196.73586353280888, 205.6647757881743, 237.53947040439405, 327.75753233144775, 301.4050430898594, 92.63368717696602, 127.31457104353767, 125.15989773086265, 133.00375934536586, 334.1496670655232, 325.5042242429428, 169.07099100673656, 291.4875640571995, 211.60340261914504, 118.86967653695369, 259.5573154430443, 264.3425807545958, 305.49140740780257, 267.5070092539633, 107.42439201596628, 124.16923934694937, 92.30926280715278, 135.94484175576505, 334.2828143952363, 138.0905500025255, 41.10960958218893], [244.12496799794977, 0.0, 316.0284797292801, 222.0923231451281, 227.90348834539589, 498.0923609131142, 272.90474528670256, 430.00465113763596, 98.04590761474952, 444.76735491715215, 83.72574275573791, 285.545092761196, 154.77725931156684, 271.38901967470974, 298.11742652854093, 374.42355695121535, 308.65028754238995, 345.44174617437307, 154.7384890710776, 452.3538437992983, 157.05094714773293, 227.43130831088317, 449.25382580452225, 305.08031729365956, 100.23971268913334, 193.28993765843063, 260.63959791251983, 360.75615032872275, 306.1143577161973, 190.04210059878838, 310.3063002905355, 201.12185361118767, 277.2381647609146], [219.40145851839728, 316.0284797292801, 0.0, 223.13448859376265, 304.0164469235176, 271.0608787708031, 47.80167361086848, 235.17227727774377, 221.05429197371402, 190.4205871222962, 378.16398559355173, 133.75350462698165, 249.6116984438029, 92.31467922275417, 343.6509857398928, 235.63743335896356, 159.31415505221122, 121.45781160551181, 161.3009609394811, 146.3488981851247, 169.53170794869024, 330.0802932621092, 169.6850022836432, 68.0294054067798, 306.0228749619871, 179.0111728356641, 326.17326683834773, 299.6614756687953, 302.65491900843114, 331.58106097906136, 158.2024020045208, 338.3371099953418, 198.75864761061342], [326.377082528783, 222.0923231451281, 223.13448859376265, 0.0, 369.8986347636336, 487.13550476227863, 179.3376703316958, 438.5076966257263, 149.6262009141447, 410.25967386522404, 234.7871376374779, 107.61505470890214, 283.5507009337131, 253.21334877924585, 435.5559665530941, 413.74871601009227, 111.40017953306898, 169.95587662684687, 158.14234094637652, 364.67656903069604, 115.80155439371269, 384.6296920415791, 392.7390991485314, 167.6573887426379, 144.5441109142811, 59.21148537234985, 403.16001785891416, 445.9820624195552, 416.9664255068986, 361.47060738046184, 113.6001760562016, 372.37749663479934, 334.5982665824795], [90.80198235721508, 227.90348834539589, 304.0164469235176, 369.8986347636336, 0.0, 342.257213218363, 288.46663585239804, 270.05925275761246, 227.98464860599717, 322.69180342859653, 308.37963616296065, 367.48333295538725, 87.36131867136622, 213.85976713725282, 71.00704190430693, 199.81241202688085, 399.8612259271959, 401.03117085832616, 215.08137994721903, 382.12563379077307, 255.3605294480727, 28.160255680657446, 348.0014367786432, 340.96627399201816, 312.05768697470023, 314.40260813167566, 34.36568055487916, 149.20120642943877, 85.42833253669417, 57.201398584300364, 400.37232671602067, 54.12947441089743, 128.09761902549164], [268.78430013674534, 498.0923609131142, 271.0608787708031, 487.13550476227863, 342.257213218363, 0.0, 308.9676358455688, 72.49827584156743, 429.33087473416117, 83.00602387778854, 578.4410082281511, 404.81106704239204, 358.8927416373867, 242.52834885843757, 324.13885913293393, 142.63590010933433, 429.26099287030496, 381.57830126987045, 370.1351104664349, 180.88670487352022, 401.47851748256716, 367.78934187928826, 119.85407794480753, 338.18633916821653, 532.0150373814635, 434.5768056396936, 337.12460604352214, 216.27991122617004, 273.4264069178396, 397.39652741311164, 427.9649518360119, 396.1843005471065, 228.64164100180878], [211.29126815843574, 272.90474528670256, 47.80167361086848, 179.3376703316958, 288.46663585239804, 308.9676358455688, 0.0, 265.5880268385606, 176.32356620712955, 230.99134182908242, 332.0557182160849, 102.59142264341595, 223.70739817896055, 93.98404119849285, 336.2692373679162, 254.32656172724074, 132.9812016790343, 114.21471008587291, 119.26860441876563, 194.12624758130983, 122.65398485169571, 312.70753108935514, 214.40615662802222, 53.075418038862395, 258.4511559269952, 132.13629327327143, 314.2737660066459, 307.7823906593748, 300.50124791754195, 308.65028754238995, 132.4424403278647, 316.5454153830063, 199.32385707686876], [196.73586353280888, 430.00465113763596, 235.17227727774377, 438.5076966257263, 270.05925275761246, 72.49827584156743, 265.5880268385606, 0.0, 366.4000545851488, 83.86894538504703, 511.4782497819433, 366.4423556304593, 287.6178019525217, 186.60117898877274, 255.44079548889601, 71.19691004531025, 394.0012690334893, 353.872858524075, 309.6578757273905, 187.21111078138497, 344.2048808486016, 295.8800432607782, 126.62148316932637, 303.08084729985825, 470.00425529988553, 383.0469945058961, 266.1296676434253, 151.19854496654392, 203.8872237291979, 324.96769070170654, 393.0012722625717, 323.89195729440394, 157.05094714773293], [205.6647757881743, 98.04590761474952, 221.05429197371402, 149.6262009141447, 227.98464860599717, 429.33087473416117, 176.32356620712955, 366.4000545851488, 0.0, 367.07083785013486, 158.42032697857937, 191.3243319601561, 140.68759717899798, 190.2761151589973, 297.13464961192255, 321.45917314645106, 217.18655575334307, 248.9196657558418, 62.68173577685928, 361.8134878635676, 59.413803110051795, 239.23210486889087, 365.60087527247526, 207.03864373589778, 103.83159442096611, 105.11898020814318, 262.1945842308723, 329.81206769916713, 288.01562457616774, 213.00938946440834, 218.62525014279572, 224.1182723474371, 227.68399153212331], [237.53947040439405, 444.76735491715215, 190.4205871222962, 410.25967386522404, 322.69180342859653, 83.00602387778854, 230.99134182908242, 83.86894538504703, 367.07083785013486, 0.0, 521.6473904851821, 323.81785003300854, 319.2146613174276, 176.7993212656655, 322.2483514310042, 140.80127840328723, 347.32837488463275, 298.67038688159226, 305.4995908344232, 105.6882207249228, 332.50112781763613, 350.28702516650543, 43.41658669218482, 256.6398254363496, 467.17234507192313, 360.07360358682223, 326.00153373872337, 226.73552875542023, 270.1481075262235, 373.06567786383135, 345.9710970586994, 374.2138426087416, 196.70536342458993], [327.75753233144775, 83.72574275573791, 378.16398559355173, 234.7871376374779, 308.37963616296065, 578.4410082281511, 332.0557182160849, 511.4782497819433, 158.42032697857937, 521.6473904851821, 0.0, 321.4498405661449, 238.36526592605728, 345.8005205317077, 377.46523018683456, 457.4505437749528, 338.178946713127, 385.33102652135346, 220.91174708466727, 520.1941945081663, 209.67832506007863, 305.0, 522.8546643188716, 355.12814588539726, 90.2551937563706, 226.63847863944022, 340.06617003165724, 444.21278684882543, 388.57689071791185, 265.5899094468764, 340.14702703389895, 276.1014306373656, 360.25685281476603], [301.4050430898594, 285.545092761196, 133.75350462698165, 107.61505470890214, 367.48333295538725, 404.81106704239204, 102.59142264341595, 366.4423556304593, 191.3243319601561, 323.81785003300854, 321.4498405661449, 0.0, 290.1930391997713, 195.02820308868152, 423.5209557979392, 356.8094729684177, 32.7566787083184, 64.76109943476871, 160.4244370412438, 264.1514716975849, 133.5402561027947, 388.3876929049117, 299.90165054564136, 67.77905281132217, 234.19649869287116, 95.0, 397.04533746160524, 407.0, 393.2352985173127, 375.7286254732264, 33.015148038438355, 385.25056781268995, 296.1840643923977], [92.63368717696602, 154.77725931156684, 249.6116984438029, 283.5507009337131, 87.36131867136622, 358.8927416373867, 223.70739817896055, 287.6178019525217, 140.68759717899798, 319.2146613174276, 238.36526592605728, 290.1930391997713, 0.0, 170.10584939971935, 156.69716015295236, 225.59476944291063, 321.7716581677137, 330.89273186336385, 132.13629327327143, 355.10561809129405, 170.3437700651245, 101.35580891098448, 334.46225497057213, 273.5141678231678, 228.70942263055102, 229.2967509582288, 121.51131634543344, 206.0218435020908, 153.7595525487766, 86.02325267042627, 322.51821653977936, 95.13148795220224, 130.60245020672468], [127.31457104353767, 271.38901967470974, 92.31467922275417, 253.21334877924585, 213.85976713725282, 242.52834885843757, 93.98404119849285, 186.60117898877274, 190.2761151589973, 176.7993212656655, 345.8005205317077, 195.02820308868152, 170.10584939971935, 0.0, 251.3364279208249, 163.19620093617377, 226.37358503146962, 205.11947737842937, 128.8875478857442, 187.11493793922494, 159.0125781188394, 240.69275020241054, 177.867928531256, 144.53373308677806, 290.9089204544955, 196.72569735548024, 234.47174669882938, 213.9369065869655, 211.0213259365034, 246.4467488119898, 225.96017348196563, 252.06745129032427, 107.61505470890214], [125.15989773086265, 298.11742652854093, 343.6509857398928, 435.5559665530941, 71.00704190430693, 324.13885913293393, 336.2692373679162, 255.44079548889601, 297.13464961192255, 322.2483514310042, 377.46523018683456, 423.5209557979392, 156.69716015295236, 251.3364279208249, 0.0, 185.0108104949546, 456.24226020832396, 450.43978509896306, 278.38462601228537, 397.81654063148255, 319.9953124656672, 73.92563831310488, 354.39102697444247, 389.34303640876897, 383.03263568526376, 378.6357088284199, 37.48332962798263, 110.3675676999362, 52.15361924162119, 115.03912377969506, 456.5303932927139, 106.47065323364932, 148.00337833982033], [133.00375934536586, 374.42355695121535, 235.63743335896356, 413.74871601009227, 199.81241202688085, 142.63590010933433, 254.32656172724074, 71.19691004531025, 321.45917314645106, 140.80127840328723, 457.4505437749528, 356.8094729684177, 225.59476944291063, 163.19620093617377, 185.0108104949546, 0.0, 387.1976239596519, 357.02801010564986, 270.4902955745363, 231.3114783144148, 309.2604080706096, 225.15772249691992, 178.10109488714548, 300.048329440442, 425.0, 355.60933621039817, 194.94101672044292, 86.16263691415206, 133.13526955694348, 255.48581173912575, 386.5759951160962, 253.85231927244627, 97.20082304178294], [334.1496670655232, 308.65028754238995, 159.31415505221122, 111.40017953306898, 399.8612259271959, 429.26099287030496, 132.9812016790343, 394.0012690334893, 217.18655575334307, 347.32837488463275, 338.178946713127, 32.7566787083184, 321.7716581677137, 226.37358503146962, 456.24226020832396, 387.1976239596519, 0.0, 62.96824596572466, 191.03141102970474, 280.4157627523817, 161.24515496597098, 420.4878119517854, 320.777181233329, 91.35097153287424, 249.0321264415497, 115.44695751729449, 429.6091246703217, 439.0558051091, 425.9448321085725, 407.03439658092776, 2.23606797749979, 416.70253178976486, 328.5391909650963], [325.5042242429428, 345.44174617437307, 121.45781160551181, 169.95587662684687, 401.03117085832616, 381.57830126987045, 114.21471008587291, 353.872858524075, 248.9196657558418, 298.67038688159226, 385.33102652135346, 64.76109943476871, 330.89273186336385, 205.11947737842937, 450.43978509896306, 357.02801010564986, 62.96824596572466, 0.0, 208.54256160314134, 222.73302404448245, 189.64440408301004, 424.3406650322356, 268.1510768205118, 61.220911460055866, 298.7206052484495, 158.71042813879623, 427.8282365622914, 418.24036151476344, 414.40077220005276, 416.8572897287512, 60.8276253029822, 425.5161571550486, 312.2963336320169], [169.07099100673656, 154.7384890710776, 161.3009609394811, 158.14234094637652, 215.08137994721903, 370.1351104664349, 119.26860441876563, 309.6578757273905, 62.68173577685928, 305.4995908344232, 220.91174708466727, 160.4244370412438, 132.13629327327143, 128.8875478857442, 278.38462601228537, 270.4902955745363, 191.03141102970474, 208.54256160314134, 0.0, 299.66648127543397, 42.579337712087536, 232.84544230025205, 303.0264014900352, 158.06960492137634, 162.11107303327555, 100.30453628824571, 247.3236745643247, 291.0068727710739, 258.90925051067603, 216.3792966066763, 191.94269978303421, 226.31394124092313, 182.10161998181127], [291.4875640571995, 452.3538437992983, 146.3488981851247, 364.67656903069604, 382.12563379077307, 180.88670487352022, 194.12624758130983, 187.21111078138497, 361.8134878635676, 105.6882207249228, 520.1941945081663, 264.1514716975849, 355.10561809129405, 187.11493793922494, 397.81654063148255, 231.3114783144148, 280.4157627523817, 222.73302404448245, 299.66648127543397, 0.0, 314.2499005568657, 410.2645487974802, 62.64982043070834, 197.8534811419804, 451.57502145269285, 324.6552017140646, 393.4323321741618, 316.07752213657966, 347.4967625748476, 424.5703710811672, 278.6431409527247, 428.2732772424635, 255.14897609044016], [211.60340261914504, 157.05094714773293, 169.53170794869024, 115.80155439371269, 255.3605294480727, 401.47851748256716, 122.65398485169571, 344.2048808486016, 59.413803110051795, 332.50112781763613, 209.67832506007863, 133.5402561027947, 170.3437700651245, 159.0125781188394, 319.9953124656672, 309.2604080706096, 161.24515496597098, 189.64440408301004, 42.579337712087536, 314.2499005568657, 0.0, 271.6799587750263, 325.29678756483287, 148.4082207965583, 137.6117727521886, 59.0592922409336, 288.17355881482257, 333.12159941979144, 301.4448539948891, 252.10513679812237, 162.49615380063616, 262.5280937347468, 223.37860237721964], [118.86967653695369, 227.43130831088317, 330.0802932621092, 384.6296920415791, 28.160255680657446, 367.78934187928826, 312.70753108935514, 295.8800432607782, 239.23210486889087, 350.28702516650543, 305.0, 388.3876929049117, 101.35580891098448, 240.69275020241054, 73.92563831310488, 225.15772249691992, 420.4878119517854, 424.3406650322356, 232.84544230025205, 410.2645487974802, 271.6799587750263, 0.0, 376.02127599379264, 364.8026863936174, 316.8296072023573, 330.65087327875, 38.600518131237564, 168.40427548016706, 103.23274674249446, 41.14608122288197, 421.0997506529777, 33.421549934136806, 156.20499351813308], [259.5573154430443, 449.25382580452225, 169.6850022836432, 392.7390991485314, 348.0014367786432, 119.85407794480753, 214.40615662802222, 126.62148316932637, 365.60087527247526, 43.41658669218482, 522.8546643188716, 299.90165054564136, 334.46225497057213, 177.867928531256, 354.39102697444247, 178.10109488714548, 320.777181233329, 268.1510768205118, 303.0264014900352, 62.64982043070834, 325.29678756483287, 376.02127599379264, 0.0, 232.12281232140884, 462.26074892856735, 346.2166951491508, 354.7308839106062, 264.1968962724581, 302.7358584641073, 395.37956446938426, 319.2444204680796, 397.60910452352573, 220.03636063160107], [264.3425807545958, 305.08031729365956, 68.0294054067798, 167.6573887426379, 340.96627399201816, 338.18633916821653, 53.075418038862395, 303.08084729985825, 207.03864373589778, 256.6398254363496, 355.12814588539726, 67.77905281132217, 273.5141678231678, 144.53373308677806, 389.34303640876897, 300.048329440442, 91.35097153287424, 61.220911460055866, 158.06960492137634, 197.8534811419804, 148.4082207965583, 364.8026863936174, 232.12281232140884, 0.0, 273.99635034065693, 135.5322839769182, 367.18523935474315, 358.235955761004, 353.20815392626486, 359.12393403949005, 90.19977827023745, 367.39624385668395, 251.33443854752576], [305.49140740780257, 100.23971268913334, 306.0228749619871, 144.5441109142811, 312.05768697470023, 532.0150373814635, 258.4511559269952, 470.00425529988553, 103.83159442096611, 467.17234507192313, 90.2551937563706, 234.19649869287116, 228.70942263055102, 290.9089204544955, 383.03263568526376, 425.0, 249.0321264415497, 298.7206052484495, 162.11107303327555, 451.57502145269285, 137.6117727521886, 316.8296072023573, 462.26074892856735, 273.99635034065693, 0.0, 140.68759717899798, 346.1748113309228, 428.8228072292797, 381.9031290785662, 282.82149847562863, 251.04979585731593, 294.1870153490803, 330.35284167084137], [267.5070092539633, 193.28993765843063, 179.0111728356641, 59.21148537234985, 314.40260813167566, 434.5768056396936, 132.13629327327143, 383.0469945058961, 105.11898020814318, 360.07360358682223, 226.63847863944022, 95.0, 229.2967509582288, 196.72569735548024, 378.6357088284199, 355.60933621039817, 115.44695751729449, 158.71042813879623, 100.30453628824571, 324.6552017140646, 59.0592922409336, 330.65087327875, 346.2166951491508, 135.5322839769182, 140.68759717899798, 0.0, 347.1310991541956, 386.7738357231523, 358.48151974683435, 310.2208890452092, 117.15374513859982, 320.80056109676616, 275.40878707840824], [107.42439201596628, 260.63959791251983, 326.17326683834773, 403.16001785891416, 34.36568055487916, 337.12460604352214, 314.2737660066459, 266.1296676434253, 262.1945842308723, 326.00153373872337, 340.06617003165724, 397.04533746160524, 121.51131634543344, 234.47174669882938, 37.48332962798263, 194.94101672044292, 429.6091246703217, 427.8282365622914, 247.3236745643247, 393.4323321741618, 288.17355881482257, 38.600518131237564, 354.7308839106062, 367.18523935474315, 346.1748113309228, 347.1310991541956, 0.0, 131.76494222667878, 66.73080248281148, 79.40403012442127, 430.0290687848904, 72.00694410957877, 138.6001443000692], [124.16923934694937, 360.75615032872275, 299.6614756687953, 445.9820624195552, 149.20120642943877, 216.27991122617004, 307.7823906593748, 151.19854496654392, 329.81206769916713, 226.73552875542023, 444.21278684882543, 407.0, 206.0218435020908, 213.9369065869655, 110.3675676999362, 86.16263691415206, 439.0558051091, 418.24036151476344, 291.0068727710739, 316.07752213657966, 333.12159941979144, 168.40427548016706, 264.1968962724581, 358.235955761004, 428.8228072292797, 386.7738357231523, 131.76494222667878, 0.0, 65.21502894272147, 205.9732992404598, 438.79949863234805, 201.0198995124612, 112.17842929904127], [92.30926280715278, 306.1143577161973, 302.65491900843114, 416.9664255068986, 85.42833253669417, 273.4264069178396, 300.50124791754195, 203.8872237291979, 288.01562457616774, 270.1481075262235, 388.57689071791185, 393.2352985173127, 153.7595525487766, 211.0213259365034, 52.15361924162119, 133.13526955694348, 425.9448321085725, 414.40077220005276, 258.90925051067603, 347.4967625748476, 301.4448539948891, 103.23274674249446, 302.7358584641073, 353.20815392626486, 381.9031290785662, 358.48151974683435, 66.73080248281148, 65.21502894272147, 0.0, 141.42842712835352, 426.0187789288167, 136.02940858505562, 103.96634070698074], [135.94484175576505, 190.04210059878838, 331.58106097906136, 361.47060738046184, 57.201398584300364, 397.39652741311164, 308.65028754238995, 324.96769070170654, 213.00938946440834, 373.06567786383135, 265.5899094468764, 375.7286254732264, 86.02325267042627, 246.4467488119898, 115.03912377969506, 255.48581173912575, 407.03439658092776, 416.8572897287512, 216.3792966066763, 424.5703710811672, 252.10513679812237, 41.14608122288197, 395.37956446938426, 359.12393403949005, 282.82149847562863, 310.2208890452092, 79.40403012442127, 205.9732992404598, 141.42842712835352, 0.0, 407.84555900487624, 11.40175425099138, 176.40011337864837], [334.2828143952363, 310.3063002905355, 158.2024020045208, 113.6001760562016, 400.37232671602067, 427.9649518360119, 132.4424403278647, 393.0012722625717, 218.62525014279572, 345.9710970586994, 340.14702703389895, 33.015148038438355, 322.51821653977936, 225.96017348196563, 456.5303932927139, 386.5759951160962, 2.23606797749979, 60.8276253029822, 191.94269978303421, 278.6431409527247, 162.49615380063616, 421.0997506529777, 319.2444204680796, 90.19977827023745, 251.04979585731593, 117.15374513859982, 430.0290687848904, 438.79949863234805, 426.0187789288167, 407.84555900487624, 0.0, 417.4829337829272, 328.39762483915746], [138.0905500025255, 201.12185361118767, 338.3371099953418, 372.37749663479934, 54.12947441089743, 396.1843005471065, 316.5454153830063, 323.89195729440394, 224.1182723474371, 374.2138426087416, 276.1014306373656, 385.25056781268995, 95.13148795220224, 252.06745129032427, 106.47065323364932, 253.85231927244627, 416.70253178976486, 425.5161571550486, 226.31394124092313, 428.2732772424635, 262.5280937347468, 33.421549934136806, 397.60910452352573, 367.39624385668395, 294.1870153490803, 320.80056109676616, 72.00694410957877, 201.0198995124612, 136.02940858505562, 11.40175425099138, 417.4829337829272, 0.0, 177.91290003819284], [41.10960958218893, 277.2381647609146, 198.75864761061342, 334.5982665824795, 128.09761902549164, 228.64164100180878, 199.32385707686876, 157.05094714773293, 227.68399153212331, 196.70536342458993, 360.25685281476603, 296.1840643923977, 130.60245020672468, 107.61505470890214, 148.00337833982033, 97.20082304178294, 328.5391909650963, 312.2963336320169, 182.10161998181127, 255.14897609044016, 223.37860237721964, 156.20499351813308, 220.03636063160107, 251.33443854752576, 330.35284167084137, 275.40878707840824, 138.6001443000692, 112.17842929904127, 103.96634070698074, 176.40011337864837, 328.39762483915746, 177.91290003819284, 0.0]]
0世代
rank = 0, pop_id = 0, calclation_time:123.31146883964539[sec]
pop_index = 0, scores = 785.3014275741358, rank = 0
0世代評価 : [785.3014275741358, 834.8716487531228, 786.516519729222, 780.0635928389037, 867.0300572163052, 757.5664849358865, 768.3657418813443, 774.0955845613014, 774.5352584684499, 745.6944864170079, 797.8016710150281, 743.8012815907329, 769.0109474391975, 825.1001133449088, 759.4955833691148, 724.9007428476359, 736.282077092487, 810.9051638784125, 802.289215888438, 784.5830672879059, 812.9251805953606, 787.3625535285717, 696.3498052414789, 742.7718478058925, 752.3324813409956, 741.4041840570884, 748.8398533072195, 813.1010058671955, 781.3377748696988, 769.45131494701, 749.8928883161605, 771.8965800132793, 730.0479672065089, 838.0779603135827, 786.9141045995702, 831.4579264892544, 713.783697306998, 685.4953740831971, 795.704336378913, 768.266193217867, 796.4397344605703, 798.7400169032246, 836.1195014691898, 795.2210298424567, 813.676051105324, 795.5928927379547, 802.4190582619259, 780.5391116250844, 779.787220877139, 819.9310513262844, 800.0696913279793, 770.6421114204227, 765.3174099914846, 778.8032120711205, 772.8048282934524, 686.996316791203, 836.9072505632236, 797.7354225559499, 812.7689873187225, 812.9126753049164, 798.7965549446501, 781.6208223680004, 861.4323726616807, 702.9630090265624, 753.779051175823, 822.036044174865, 836.7074567879514, 767.6290305688121, 720.5976487476566, 797.6966708570517, 863.3459106793886, 764.4118987590983, 780.6582198122458, 781.3089565634441, 782.1326916394369, 781.5990426440242]
0世代, new best [1, 0, 1, 0, 1, 0, 0, 1, 1, 0, 0, 0, 1, 0, 0, 0, 1, 1, 1, 1, 1, 1, 0, 1, 1, 0, 1, 1, 1, 0, 1, 1, 1] = 785.3014275741358
拠点利用数 : 20
0世代, new best [1, 0, 1, 1, 0, 1, 1, 0, 1, 0, 1, 0, 0, 0, 1, 1, 1, 0, 1, 1, 0, 1, 0, 1, 1, 0, 1, 1, 0, 1, 0, 1, 1] = 757.5664849358865
拠点利用数 : 20
0世代, new best [0, 0, 0, 0, 1, 0, 0, 0, 1, 0, 1, 1, 1, 1, 0, 1, 1, 1, 1, 1, 1, 1, 0, 1, 0, 0, 1, 1, 1, 0, 1, 1, 1] = 724.9007428476359
拠点利用数 : 20
1世代
rank = 0, pop_id = 0, calclation_time:130.74625396728516[sec]
pop_index = 0, scores = 799.5829845101687, rank = 0
1世代評価 : [799.5829845101687, 755.697712472874, 789.2628872782847, 717.966766895596, 729.6725873172009, 778.418179478097, 801.4956882613966, 745.1997220531039, 776.3302754016098, 772.1053918287176, 794.266333769558, 753.6971744230082, 813.6172688800327, 773.010848018303, 766.5791359710927, 773.3519476251898, 743.8861247543854, 836.3278932588379, 788.5604549063199, 765.761226325047, 786.5226553758584, 768.286985852214, 788.8960846838789, 787.6781291998956, 756.2619705186385, 723.040413894306, 815.4940569611083, 750.7310805289551, 787.5687360686965, 782.7943954349818, 776.8159708320089, 721.8193968194896, 740.682827165165, 774.1304769540753, 726.7866276650616, 806.1273360198016, 755.5711689886508, 765.1532485288622, 781.7247120422606, 803.4089995683383, 738.0828147710556, 736.2735581359573, 757.074570829249, 776.3106321757712, 783.13437732153, 840.2981764194142, 778.6679100119294, 791.9893645644797, 853.9217104308592, 784.7331506929123, 844.6115663930879, 718.0370647554212, 797.2699599409012, 767.2417254660185, 772.1664650591844, 745.7243230568245, 720.8332917816771, 786.9630761861945, 720.7806783696324, 718.1834673132572, 787.6980132193985, 760.2689634005279, 739.303708784827, 778.8366788641019, 822.7818165868795, 841.6810404739052, 747.2562417509494, 712.6234132947203, 777.9519261864335, 753.7222499416418, 746.9076359704276, 784.4147143023223, 714.8000767195614, 784.1763888743352, 779.2217091169421, 813.2427441604211]
2世代
rank = 0, pop_id = 0, calclation_time:98.90329885482788[sec]
pop_index = 0, scores = 725.2631220455969, rank = 0
2世代評価 : [725.2631220455969, 776.6627523503166, 759.1032565379069, 739.6433972999864, 730.6912172373573, 765.4073680913372, 775.1051070845356, 750.7587870687379, 831.2053829907004, 785.8202845402734, 835.2243209067394, 703.2745631642506, 770.6211221773352, 746.7590261413092, 769.8838655702062, 746.6112155992366, 808.5518624564215, 729.2842479167018, 774.0906196244171, 760.9310904100523, 721.3173090954223, 791.0187373425936, 758.5692226464759, 756.7599161849342, 724.3800681200325, 757.0954799507722, 746.7280537007118, 784.3764330818325, 783.8185658268969, 761.8516265687575, 737.015373470199, 781.2886496993135, 748.0181429374334, 778.0966040126874, 786.3454387680283, 804.3292537599448, 742.9777483824901, 830.8625617888605, 776.977294858797, 876.0073751895017, 744.8276701932375, 810.9490184846803, 742.1941145951143, 771.2202473464827, 748.8814389536266, 719.9159959412506, 756.6138747205218, 778.1298121015509, 760.8411132496116, 820.5457190028197, 834.5439918069869, 777.7175667457321, 790.6749275685213, 769.8182276370405, 821.322681013753, 786.3765534920432, 784.3718586797652, 710.8331455182757, 839.5668782516562, 813.5903060216381, 796.761851844072, 774.2889320258863, 748.0040842458833, 770.5671832449931, 774.8301718925381, 756.9503825988927, 749.1890689287657, 725.1182276234794, 777.4715340621201, 784.4326008357184, 758.9885613008194, 816.76648310333, 813.6775353936569, 768.2459719477212, 788.2714971437056, 757.1778861099218]
3世代
rank = 0, pop_id = 0, calclation_time:110.906911611557[sec]
pop_index = 0, scores = 722.398656980274, rank = 0
3世代評価 : [722.398656980274, 748.3669331224211, 834.1594442540063, 833.2275762003225, 752.3718484094114, 727.508405177611, 851.0190470560494, 707.5223997770281, 725.3633969811351, 774.2858477856291, 805.7953558164219, 758.4497634994847, 769.3291786815076, 831.6767057131253, 768.9638907893026, 768.0991163761893, 730.4489946446707, 778.1007841930563, 812.2198217315633, 713.5232375190416, 685.5691362099028, 785.0762726116766, 795.7513193156522, 806.2509168631256, 812.7199246486718, 745.7710900325033, 829.6284860334292, 774.9878942043752, 742.6686316535556, 770.3798976960468, 783.2047512937427, 737.7614231759894, 826.5760966790154, 740.5206421765874, 798.4787106761792, 819.5264096295621, 760.1062349163709, 708.597517794145, 754.0241476860385, 808.5654823626106, 747.5724755726241, 767.3784681442054, 771.9696997283172, 748.2819005337963, 737.6754898428297, 731.7374770420996, 781.2450825205073, 729.4899562668843, 755.4727025618315, 700.1823378614539, 811.4250633639828, 773.9858975628837, 811.2139563607252, 781.2609382648035, 770.8951735966355, 797.9460980054133, 797.4970794898801, 744.5486107548755, 673.2384872925946, 874.5762740539583, 616.2369363179894, 738.4063338252051, 734.805572784389, 810.4284750787823, 714.7295890929719, 789.4296395709052, 725.8936980017069, 773.0034973614285, 773.2704680819352, 774.0766194797275, 723.6828049110522, 747.2816561104983, 751.9823376700225, 704.1180894254171, 734.6775938300494, 830.8421843695651]
4世代
rank = 0, pop_id = 0, calclation_time:156.79809951782227[sec]
pop_index = 0, scores = 839.280564534359, rank = 0
4世代評価 : [839.280564534359, 754.9737761364055, 747.9668099253304, 756.5128779345059, 728.8325851951053, 817.0799110666549, 749.8782493593928, 714.7954908698545, 818.8116834400596, 768.0635673111894, 721.5871087868663, 737.7024307064456, 781.2739353797151, 783.6660014836484, 745.9691186751469, 813.7153800612155, 790.7489863878995, 848.7942475038625, 794.2920843218006, 710.3872060401984, 821.3798516703187, 787.7851385364643, 728.5748173498604, 809.8919827089966, 781.0700915200198, 837.8471523341758, 762.3949223669036, 789.7262915271427, 815.6243608818087, 749.7389316767288, 772.0715210735768, 757.9189253340899, 829.1262223462708, 795.0386462567217, 836.6368300230207, 821.7927904480454, 830.0032201661402, 668.573527908917, 793.6519822161407, 772.3052942407908, 766.5021990162712, 735.728996965836, 680.6357086037859, 739.310132980703, 710.9813977867557, 787.6347950079394, 757.7514826033167, 753.2026387144109, 686.6280011554062, 861.1404933584571, 805.8124803836569, 751.6779113057379, 698.9752896580011, 780.6591199956949, 729.4193268823461, 722.5162650217546, 822.9691814088171, 785.8184863867726, 768.6735739865992, 734.2271601303003, 780.1385777528702, 758.7409763098914, 756.2885945462335, 795.7064065938996, 756.2207681077227, 787.2504132036294, 749.7438486235668, 769.4411633466418, 743.3232946279893, 760.1667328002203, 724.3566485268086, 712.635948859007, 796.2916690563735, 747.10008855214, 768.3445132547712, 773.1879317756238]
5世代
rank = 0, pop_id = 0, calclation_time:124.16601037979126[sec]
pop_index = 0, scores = 773.3772966362789, rank = 0
5世代評価 : [773.3772966362789, 842.0252900135093, 828.0549643139002, 760.1016749911424, 827.1403927648655, 744.4423444606743, 845.3251677117157, 755.966744746999, 760.1429523907351, 772.5430014347779, 778.7083047276702, 753.1683820530895, 785.5554592937308, 751.9710467932078, 878.0683367255081, 792.8292042581735, 795.2893472582533, 765.2425594904156, 830.5537651736867, 783.1913184696272, 780.1587239912177, 777.6684389529901, 797.369581322799, 822.7228008325771, 799.0991732786563, 734.3384299302177, 773.2640444276011, 750.9404068899767, 692.8864803041237, 787.7203912576916, 788.58862713586, 779.6953513823247, 745.683035425335, 811.2800775781109, 760.0968267091735, 805.665127026168, 765.7257721783863, 757.1647684913895, 707.9412730270527, 737.5006933289637, 722.4566776007366, 781.7500696099861, 786.1339923303735, 828.6701249664693, 781.2976224709971, 741.1617432719166, 718.2253307456793, 778.9562320080747, 779.2024371289192, 808.5942949753967, 768.3234107430063, 730.5898576964227, 780.0871618763438, 729.7262548751345, 785.6903750514687, 760.8137549434372, 795.1290489439051, 764.7090089491743, 757.9351100943034, 794.0006089298164, 737.9553676228012, 792.8883010409567, 773.203080211428, 739.5592883855134, 780.0585131103614, 814.989455388026, 748.3905512979873, 753.8900591179304, 749.6390862141119, 757.843411890827, 727.9665954503309, 796.3572556182872, 707.1307657019134, 763.0418538583649, 776.1920989106536, 771.7742481175793]
6世代
rank = 0, pop_id = 0, calclation_time:156.39095067977905[sec]
pop_index = 0, scores = 843.8236172277972, rank = 0
6世代評価 : [843.8236172277972, 678.1050911110896, 753.1182509037297, 749.7778583704451, 816.8224948129744, 785.1966603853056, 759.8631993115472, 800.9876219835438, 759.6670505460736, 776.0267119396699, 732.4026509921076, 876.8662375128749, 745.7066859501867, 789.8172991429803, 791.1995070511745, 749.4250283026241, 772.7981759849608, 788.061156629041, 742.337781565769, 723.4910170968409, 790.6808807979378, 769.0164221863508, 722.4780596733165, 739.1995469196593, 712.5087949281196, 794.4363251443699, 858.6447965565825, 767.1437132363326, 780.7678993466145, 751.0672030919757, 781.4496587728074, 753.2683414758308, 807.9364172218288, 736.6121591749404, 798.6200856793681, 789.8770869955486, 766.5413512681864, 756.6556132689783, 848.1505786825419, 796.9898707480356, 709.9434540237601, 792.4248057369633, 773.3666026725526, 775.6964310207502, 804.8442185048282, 724.3415687624616, 818.7816667484612, 767.2782997453269, 800.6132202384671, 773.1346747371267, 716.2877086476683, 733.6820249135375, 792.0505875237061, 762.1443368980956, 795.5699335935864, 769.1324854952476, 770.4489931076555, 830.024630131003, 866.4423136140039, 764.3989228186578, 767.1715483352851, 745.2136940358075, 771.9591427809627, 813.0745012806569, 777.5539640628468, 797.1525682863461, 754.8783253876164, 754.1374366607561, 737.1399301346644, 791.927129064073, 730.5758928147569, 843.9652324753458, 682.6625226533658, 784.1365149651174, 723.8777530586624, 757.1699532708062]
7世代
rank = 0, pop_id = 0, calclation_time:143.3458273410797[sec]
pop_index = 0, scores = 790.8277188818518, rank = 0
7世代評価 : [790.8277188818518, 712.1148491693109, 797.63512909337, 797.0193684578074, 698.1080356741526, 807.3944408527445, 840.8306141967206, 752.5834030625164, 706.6645514638592, 762.5057545255679, 732.3456006623443, 789.9724227086559, 740.0608423625193, 741.3614326362779, 752.7626677924034, 739.5969380862462, 747.3484770753925, 735.3777057111779, 761.4686171065149, 787.6248850849139, 726.4638279759661, 774.5959366695271, 769.704201137825, 787.7423304520947, 786.2600800299052, 765.8166865119584, 731.5693903554394, 786.2208186824959, 765.079481712538, 730.8569663823552, 767.7340247311924, 798.0850262053839, 765.3026591482128, 706.856045538803, 803.5893505220298, 754.0752471576147, 711.6921882040996, 818.7025259642086, 778.7646087172358, 758.1016758411206, 752.657205845599, 719.1409268113051, 723.6429556569955, 705.0404246183997, 748.0054240249766, 752.2650420761136, 778.0633497915584, 724.4990638387004, 726.3809238202589, 735.0294110813563, 772.9187436703677, 818.3411509068942, 817.5424655594973, 772.9992550270644, 789.995209639455, 822.1940675784863, 769.1588955064989, 827.5764498970568, 740.0106821922471, 800.7298099438445, 760.260918441531, 731.336527667426, 718.0904439930634, 735.2522220490144, 728.9975672292145, 765.2278315011044, 728.9908598518537, 756.6287805134241, 707.6440013576024, 815.9586865682206, 762.4196695466603, 790.6088005216726, 784.5604174145342, 796.3276679431943, 731.0572956827087, 783.4623390124581]
8世代
rank = 0, pop_id = 0, calclation_time:131.59117364883423[sec]
pop_index = 0, scores = 797.065513735376, rank = 0
8世代評価 : [797.065513735376, 815.3483617811223, 775.1886632371813, 819.2329621206826, 702.3529854523171, 774.7869022562651, 789.8953952268292, 808.764711549765, 741.6194143241684, 707.9587153374671, 768.9738189353799, 757.468201685631, 704.6474873231125, 804.3650716454431, 705.835926354482, 772.7812668031778, 799.1310607615775, 746.0411016485122, 801.0656350799051, 730.0612148882567, 758.0830386058316, 778.1159929190641, 815.1908687525771, 792.5463463589111, 776.6931601099225, 767.8311987823948, 762.3753402088917, 715.1167101130743, 812.9106214080656, 699.6980461010169, 782.912195608916, 860.8649325275701, 747.8828759627658, 788.1422521411839, 810.7214569376221, 711.15949020591, 731.8349991398348, 774.6777632050979, 768.4413904211783, 794.775079130999, 721.4542727284129, 724.4542915195357, 739.691566726121, 769.1228907154238, 779.9408184616775, 735.4268398067231, 737.415604629202, 759.3844363640937, 792.1011845950654, 750.8135325839094, 754.4146186891301, 820.5247481029708, 737.9619118362043, 786.9092326884146, 659.7680402279096, 771.5865359158597, 798.8832528247765, 785.3388969145183, 781.4775561713462, 790.8807139414116, 745.8041683047534, 745.473662811095, 786.2777434971638, 801.9739676301238, 751.2962647664993, 721.8849604965412, 717.2754020862782, 752.401180548996, 835.6165369044442, 809.6317130151656, 709.6798768313898, 715.2131350270722, 733.708335806221, 777.8729420774639, 621.8011709245249, 770.1922688192601]
9世代
rank = 0, pop_id = 0, calclation_time:119.5518171787262[sec]
pop_index = 0, scores = 751.3210305424759, rank = 0
9世代評価 : [751.3210305424759, 797.1471492040218, 778.0877268148321, 751.9345381759006, 763.8251771282627, 771.3166555834463, 845.7807659157502, 783.1793018808128, 853.4228848517726, 809.2485453445809, 781.2142771701808, 834.5033858973683, 804.0657806953147, 774.5436408809371, 793.2187417328811, 792.6385000969046, 772.693547944768, 776.7958581705109, 767.2793603852684, 749.3749003275512, 772.6278702603037, 756.4525906160281, 755.4471359146746, 765.7978971879521, 722.4468975369185, 761.347370255614, 879.3578997378506, 789.0222511327435, 756.8587995686513, 709.4585070267973, 777.9483674008558, 767.745561476992, 784.5869636026385, 753.1312383486395, 839.2724613520838, 703.404302341732, 758.506759714131, 700.8179353103525, 744.1838904247498, 790.3438516456563, 741.3732931585915, 771.9379869612901, 785.0854981795952, 786.5682537190813, 815.4290081416958, 830.849196119738, 688.6004962868393, 754.972291669137, 728.0149673926537, 748.1579445495944, 770.0926106402425, 696.1845511963917, 829.7808902033247, 710.1784654084822, 746.2437191445439, 787.3824963695532, 754.8263079397448, 694.464634826164, 795.279727198364, 738.8479581923796, 800.8826908417881, 720.225770279915, 791.2867347109261, 799.4777680503508, 755.0529073942595, 772.3779543077424, 726.8503818439566, 838.7348844118745, 768.1900297700934, 800.4451068236672, 748.7487139191502, 732.8874524104575, 814.4284741328885, 772.6633590559272, 768.593512785793, 805.2562751379681]
10世代
rank = 0, pop_id = 0, calclation_time:105.83733987808228[sec]
pop_index = 0, scores = 694.6841006839659, rank = 0
10世代評価 : [694.6841006839659, 768.6854038272731, 842.6762025257484, 758.0206736173246, 809.7031350374107, 793.9756262697247, 719.9987059991723, 747.7385179237498, 748.4960507079438, 824.3042059846756, 670.7235984486025, 735.0895681952854, 755.3884393273883, 775.7398639626958, 765.4467219029568, 764.048544865418, 804.293290601807, 700.5791440212312, 772.0380684991834, 780.113598105426, 774.3087878785745, 745.3258552730301, 782.4795481495737, 773.275976920116, 787.1087704586248, 799.3278912607699, 764.3852759981867, 801.8871623824987, 773.7585853122457, 757.7812280061848, 717.1563756057692, 822.370085078124, 773.7725066180388, 810.0670289219752, 781.1629838744865, 787.9886375439536, 813.0819544971494, 730.0644530030547, 743.9062847210787, 763.7979940682914, 799.8982335918082, 785.5506863580498, 777.4080725753827, 782.6364695155908, 759.0957926140328, 797.6924913068684, 768.7479368725396, 784.8996769966233, 788.9279160241639, 763.9039044647965, 796.7926643266858, 768.1805678307493, 793.2192719598128, 798.3047604147396, 887.1806696044957, 779.2416316859067, 760.6551698726062, 752.3603351017452, 828.6701080854976, 763.1530131544899, 770.5368878519577, 782.2699254363451, 690.6814512234888, 764.2878384287977, 673.5899321972647, 741.7552463269324, 671.9943454100895, 740.3157003854634, 765.2670509418999, 744.9183073414544, 747.4002892529417, 755.7964768411716, 781.2675211756446, 761.2041801702649, 664.5991865718423, 678.0264250631016]
11世代
rank = 0, pop_id = 0, calclation_time:118.93938398361206[sec]
pop_index = 0, scores = 767.8100577049454, rank = 0
