Popularity : [[16, 4], [4, 5], [6, 5], [7, 16], [3, 4], [4, 4], [5, 8], [2, 5], [6, 6], [14, 3], [7, 2], [5, 11], [7, 6], [6, 16], [7, 5], [4, 6], [8, 5], [5, 5], [3, 4], [3, 5], [3, 5], [4, 7], [3, 2], [5, 6], [6, 13], [8, 7], [3, 4], [4, 7], [17, 3], [7, 13], [18, 18], [19, 4], [14, 17]]
Distance : [[0.0, 124.77579893553076, 485.02577251111103, 38.91015291668744, 355.75975039343615, 296.0270257932542, 453.6353160855094, 230.25420734483876, 348.0359176866664, 335.6262802582658, 445.1179618932492, 17.46424919657298, 95.12623192369179, 358.24014292091834, 386.3741709793759, 161.44968256394932, 273.1300056749533, 371.05794695707567, 225.78751072634643, 403.01985062773275, 177.40913167027227, 230.8679276123039, 350.6522493867678, 398.67028983860837, 418.7242529398076, 205.29490982486632, 316.8485442605031, 239.370006475331, 384.42164351139235, 242.00206610688264, 289.836160614924, 230.7834482799839, 289.8499611868182], [124.77579893553076, 0.0, 378.8416555765746, 85.86617494683223, 242.404620418011, 193.22784478433744, 364.87806182339875, 141.1736519326464, 243.50770008359078, 213.37759957408838, 320.4325201973108, 138.7155362603627, 137.3608386695422, 261.8415551435639, 263.47295876427245, 36.6742416417845, 216.8432613663611, 271.0221393170676, 163.95426191471816, 281.23299948619115, 88.2779700718135, 170.26156348395253, 237.92856070678022, 274.93453766305896, 401.15458367068425, 132.01893803541975, 237.25513693068902, 260.43233286210835, 274.5050090617656, 121.82774724995944, 250.71098898931416, 198.17668884104407, 166.6433316997713], [485.02577251111103, 378.8416555765746, 0.0, 450.97671780259344, 140.13208055259867, 395.102518341759, 97.082439194738, 419.03341155568967, 400.67068772247364, 294.96609974707263, 210.61813787041228, 492.1229521166433, 427.8469352467071, 436.4882587195216, 175.93464695732902, 350.09141663285607, 257.390753524675, 427.1416626834709, 278.48518811599297, 299.5413160150032, 307.6166445431716, 276.27884464793897, 362.3437594329451, 184.88915598271305, 356.6791275081849, 285.72714256787015, 191.56461051039673, 410.0, 385.40627913929995, 262.4137953690697, 283.95246080990387, 312.64196775225173, 237.11811402758752], [38.91015291668744, 85.86617494683223, 450.97671780259344, 0.0, 319.5637651549374, 261.84346468835156, 424.1285182583223, 198.28514820833152, 313.7722103692422, 297.2490538252393, 406.23638438721855, 53.600373133029585, 93.81364506296512, 326.02147168553176, 347.932464711185, 122.53978945632312, 250.4595775769016, 338.0088756231114, 200.44450603596, 364.7917213972927, 144.138821973818, 205.99514557387025, 314.45985435346114, 360.02777670618696, 409.4288705013363, 176.4652940382329, 288.73690446494714, 239.4159560263267, 349.0014326618159, 203.9730374338726, 272.31048455760936, 213.60009363293827, 251.2866888635369], [355.75975039343615, 242.404620418011, 140.13208055259867, 319.5637651549374, 0.0, 265.7461194448566, 163.19313711060278, 281.51376520518494, 281.15476165272395, 175.80102388780332, 154.63828762631846, 364.9356107589392, 312.49319992601437, 316.7159610755353, 82.76472678623425, 211.65301793265317, 184.2199772011711, 310.80701407786796, 179.2344832893492, 205.10485123467947, 181.3201588351389, 179.84715733088473, 245.63794495150785, 101.07917688624102, 351.5124464368225, 172.72232050317064, 127.88275880665071, 334.73123547108656, 275.98007174431996, 123.00406497347964, 226.27416997969522, 228.60008748904713, 99.04544411531506], [296.0270257932542, 193.22784478433744, 395.102518341759, 261.84346468835156, 265.7461194448566, 0.0, 427.8329113100113, 69.92138442565336, 52.009614495783374, 105.01904589168576, 234.04700382615454, 313.1022197302344, 330.55256768024054, 69.9714227381436, 223.1882613400624, 168.6001186239203, 357.2897983430257, 77.79460135510689, 312.5699921617557, 145.71547618561317, 241.0186714758838, 318.2011942152323, 65.21502894272147, 220.83930809527547, 554.1786715491675, 280.30340704315387, 342.84836298282073, 445.21680112053275, 90.70832376358854, 181.95878654244757, 401.15458367068425, 362.6086044207997, 170.4494059831245], [453.6353160855094, 364.87806182339875, 97.082439194738, 424.1285182583223, 163.19313711060278, 427.8329113100113, 0.0, 436.57072737415643, 444.28819475651164, 338.54098717880527, 284.96491012052695, 457.5259555478793, 382.1884351991829, 479.89269633950465, 231.03679360655957, 343.233156906497, 194.74342094150447, 473.7140487678194, 230.6707610426601, 360.02777670618696, 281.7676347631147, 226.63847863944022, 408.38462262920723, 245.41597340026587, 261.00766272276377, 248.3646512690564, 137.55726080436466, 336.42978465052704, 437.3934155883008, 265.0018867857359, 209.24626639440905, 250.3797116381437, 258.08913189051566], [230.25420734483876, 141.1736519326464, 419.03341155568967, 198.28514820833152, 281.51376520518494, 69.92138442565336, 436.57072737415643, 0.0, 120.50726119201282, 152.80052355931247, 284.92981591964013, 247.58836806279893, 275.118156434649, 128.00390619039717, 258.1937257177254, 126.81088281373961, 334.647575816709, 141.05672617780408, 285.1192732875138, 207.2920644887305, 208.00240383226344, 291.23358322830836, 133.2816566523691, 260.44769148525774, 528.9357238833467, 251.55715056424057, 333.304665433894, 401.0797925600341, 160.58953888718904, 173.76996288196645, 375.2572450999447, 329.56941605676946, 182.53766734567415], [348.0359176866664, 243.50770008359078, 400.67068772247364, 313.7722103692422, 281.15476165272395, 52.009614495783374, 444.28819475651164, 120.50726119201282, 0.0, 106.48004507887852, 218.68013169924697, 365.11094204364787, 380.82541931966676, 35.90264614203248, 224.8777445635739, 216.76023620581336, 394.0012690334893, 31.827660925679098, 352.33081046085084, 120.81390648431164, 284.5224068504975, 357.64367742209566, 39.01281840626232, 218.27734651126764, 590.4345857078496, 321.21799451462863, 372.6043478007201, 491.1303289352023, 42.720018726587654, 216.39316070523117, 438.98974931084666, 404.3092875510035, 193.89172236070317], [335.6262802582658, 213.37759957408838, 294.96609974707263, 297.2490538252393, 175.80102388780332, 105.01904589168576, 338.54098717880527, 152.80052355931247, 106.48004507887852, 0.0, 132.30646242719968, 350.8275929855005, 341.03665492143216, 142.36923825040296, 120.01666550941998, 178.05897899291685, 308.71507899679926, 135.19245541079576, 274.69437562498433, 67.89698078707183, 220.63771209836273, 279.0788419067271, 69.85699678629192, 116.1077086157504, 501.3232490120521, 247.7761086142084, 277.2002886001384, 426.7188770138954, 101.82828683622247, 136.7040599250805, 354.79853438254224, 329.587621126765, 98.40731680114035], [445.1179618932492, 320.4325201973108, 210.61813787041228, 406.23638438721855, 154.63828762631846, 234.04700382615454, 284.96491012052695, 284.92981591964013, 218.68013169924697, 132.30646242719968, 0.0, 458.3939353874569, 428.981351576033, 251.7339865810733, 74.54528824815154, 283.8097954616789, 335.87199942835366, 238.1134183535233, 321.0389384482823, 100.12492197250393, 295.4657340538831, 323.18725222384626, 180.44666802132977, 56.142675390472796, 505.0346522764552, 304.9458968407347, 282.4694673765644, 480.2041232642635, 191.21192431435858, 209.68786326347075, 379.5273376187808, 374.58910822393113, 158.43295111813072], [17.46424919657298, 138.7155362603627, 492.1229521166433, 53.600373133029585, 364.9356107589392, 313.1022197302344, 457.5259555478793, 247.58836806279893, 365.11094204364787, 350.8275929855005, 458.3939353874569, 0.0, 89.05054744357274, 375.5862084794914, 398.3616447400528, 175.30829986055994, 273.6512378923216, 388.3207437158103, 228.08112591795052, 418.3897704294406, 184.94593804677083, 232.86262044390037, 367.22744995438455, 411.0924470237808, 412.2923719886168, 209.7546185427153, 320.22492095400696, 229.91520175925731, 401.2443146014657, 253.50345165302977, 287.65604460883486, 228.84929538890873, 302.1853735705949], [95.12623192369179, 137.3608386695422, 427.8469352467071, 93.81364506296512, 312.49319992601437, 330.55256768024054, 382.1884351991829, 275.118156434649, 380.82541931966676, 341.03665492143216, 428.981351576033, 89.05054744357274, 0.0, 398.82953752198443, 361.3114999553709, 166.4602054546371, 191.44973230589798, 408.33931968400987, 152.00328943809077, 408.31360496559506, 134.6291201783626, 155.65667348366404, 373.68703482994965, 376.6284641393956, 323.72982562624657, 142.63590010933433, 245.05101509685693, 146.24978632463024, 410.90266487332497, 219.49487465542333, 200.44949488586894, 142.44297104455524, 270.9132702545226], [358.24014292091834, 261.8415551435639, 436.4882587195216, 326.02147168553176, 316.7159610755353, 69.9714227381436, 479.89269633950465, 128.00390619039717, 35.90264614203248, 142.36923825040296, 251.7339865810733, 375.5862084794914, 398.82953752198443, 0.0, 260.63959791251983, 238.41560351621283, 424.34891304208617, 18.439088914585774, 381.01443542207164, 152.3975065412817, 310.6283953536766, 386.51778743028115, 74.33034373659252, 253.71243564319033, 621.1553750874253, 349.1618535865566, 405.60202169121396, 515.1873445650621, 64.40496875241847, 247.315587862957, 468.825127312946, 431.8205645867274, 227.9758759167294], [386.3741709793759, 263.47295876427245, 175.93464695732902, 347.932464711185, 82.76472678623425, 223.1882613400624, 231.03679360655957, 258.1937257177254, 224.8777445635739, 120.01666550941998, 74.54528824815154, 398.3616447400528, 361.3114999553709, 260.63959791251983, 0.0, 227.7827912727386, 261.444066675838, 251.23096942853203, 247.0323865407125, 129.00387591076478, 226.76198976018887, 249.00803199896987, 186.4296113818832, 18.681541692269406, 434.2453223697407, 232.35533133543547, 209.5041765693467, 406.03078701004927, 210.2974084481309, 145.12063946937388, 305.3686296920494, 300.2399040767233, 96.82974749528164], [161.44968256394932, 36.6742416417845, 350.09141663285607, 122.53978945632312, 211.65301793265317, 168.6001186239203, 343.233156906497, 126.81088281373961, 216.76023620581336, 178.05897899291685, 283.8097954616789, 175.30829986055994, 166.4602054546371, 238.41560351621283, 227.7827912727386, 0.0, 211.92923347193044, 245.81700510745793, 160.55528642807124, 245.9532475898621, 82.365041127896, 166.8112706024386, 207.32824216685964, 238.8053600738476, 403.43524883182926, 127.01181047445942, 222.0923231451281, 277.35897317375543, 244.80604567698077, 89.04493247793498, 250.30581295687082, 202.87188075236054, 131.04579352272242], [273.1300056749533, 216.8432613663611, 257.390753524675, 250.4595775769016, 184.2199772011711, 357.2897983430257, 194.74342094150447, 334.647575816709, 394.0012690334893, 308.71507899679926, 335.87199942835366, 273.6512378923216, 191.44973230589798, 424.34891304208617, 261.444066675838, 211.92923347193044, 0.0, 425.7933771208754, 52.952809179494906, 361.83559802761255, 130.29965464267354, 46.69047011971501, 369.04335788630584, 280.0607077045975, 196.9009903479411, 85.38149682454625, 66.30987860040162, 155.08062419270823, 406.43326635500694, 177.65415840897168, 46.14108798023731, 56.08029957123981, 210.77238908357992], [371.05794695707567, 271.0221393170676, 427.1416626834709, 338.0088756231114, 310.80701407786796, 77.79460135510689, 473.7140487678194, 141.05672617780408, 31.827660925679098, 135.19245541079576, 238.1134183535233, 388.3207437158103, 408.33931968400987, 18.439088914585774, 251.23096942853203, 245.81700510745793, 425.7933771208754, 0.0, 383.88539956606843, 138.1774221788784, 315.38230768386484, 389.2351474366106, 65.45991139621256, 243.24884377936928, 622.255574502953, 352.60459441136044, 404.23879081552775, 521.3923666491484, 48.08326112068523, 248.20354550247666, 470.73665674132496, 435.62024746331525, 225.22211259110415], [225.78751072634643, 163.95426191471816, 278.48518811599297, 200.44450603596, 179.2344832893492, 312.5699921617557, 230.6707610426601, 285.1192732875138, 352.33081046085084, 274.69437562498433, 321.0389384482823, 228.08112591795052, 152.00328943809077, 381.01443542207164, 247.0323865407125, 160.55528642807124, 52.952809179494906, 383.88539956606843, 0.0, 332.9879877713309, 78.29431652425353, 6.324555320336759, 330.34678748248785, 265.0018867857359, 243.88931915932687, 33.61547262794322, 93.1933474020544, 159.25451327984396, 368.4562389212591, 138.7984149765407, 90.13878188659973, 55.362442142665635, 179.93609976877903], [403.01985062773275, 281.23299948619115, 299.5413160150032, 364.7917213972927, 205.10485123467947, 145.71547618561317, 360.02777670618696, 207.2920644887305, 120.81390648431164, 67.89698078707183, 100.12492197250393, 418.3897704294406, 408.31360496559506, 152.3975065412817, 129.00387591076478, 245.9532475898621, 361.83559802761255, 138.1774221788784, 332.9879877713309, 0.0, 285.0350855596553, 336.81597349294464, 84.53401682163222, 115.83177456984762, 548.8761244579691, 308.50769844527383, 322.0465804817682, 488.48848502293276, 91.08786966440702, 198.47921805569467, 407.86762558457616, 388.3323319014269, 153.05554547287727], [177.40913167027227, 88.2779700718135, 307.6166445431716, 144.138821973818, 181.3201588351389, 241.0186714758838, 281.7676347631147, 208.00240383226344, 284.5224068504975, 220.63771209836273, 295.4657340538831, 184.94593804677083, 134.6291201783626, 310.6283953536766, 226.76198976018887, 82.365041127896, 130.29965464267354, 315.38230768386484, 78.29431652425353, 285.0350855596553, 0.0, 84.581321815162, 267.23959287500793, 242.33035303073365, 321.21021154378013, 44.94441010848846, 150.08331019803634, 208.0, 305.7220960284029, 88.05112151472007, 167.94344286098223, 122.3315167894194, 138.81282361511128], [230.8679276123039, 170.26156348395253, 276.27884464793897, 205.99514557387025, 179.84715733088473, 318.2011942152323, 226.63847863944022, 291.23358322830836, 357.64367742209566, 279.0788419067271, 323.18725222384626, 232.86262044390037, 155.65667348366404, 386.51778743028115, 249.00803199896987, 166.8112706024386, 46.69047011971501, 389.2351474366106, 6.324555320336759, 336.81597349294464, 84.581321815162, 0.0, 335.316268618151, 267.09174453734056, 237.84448700779257, 39.824615503479755, 89.40357934669059, 157.0286598045083, 373.3630940518894, 143.54441821262157, 84.0535543567314, 51.97114584074513, 183.77431811871864], [350.6522493867678, 237.92856070678022, 362.3437594329451, 314.45985435346114, 245.63794495150785, 65.21502894272147, 408.38462262920723, 133.2816566523691, 39.01281840626232, 69.85699678629192, 180.44666802132977, 367.22744995438455, 373.68703482994965, 74.33034373659252, 186.4296113818832, 207.32824216685964, 369.04335788630584, 65.45991139621256, 330.34678748248785, 84.53401682163222, 267.23959287500793, 335.316268618151, 0.0, 179.4017837146554, 564.2384247815811, 300.66759053812234, 342.98688021555574, 475.2020622850873, 38.48376280978771, 192.04166214652486, 414.6733654335663, 383.8176650442238, 163.1318485152424], [398.67028983860837, 274.93453766305896, 184.88915598271305, 360.02777670618696, 101.07917688624102, 220.83930809527547, 245.41597340026587, 260.44769148525774, 218.27734651126764, 116.1077086157504, 56.142675390472796, 411.0924470237808, 376.6284641393956, 253.71243564319033, 18.681541692269406, 238.8053600738476, 280.0607077045975, 243.24884377936928, 265.0018867857359, 115.83177456984762, 242.33035303073365, 267.09174453734056, 179.4017837146554, 0.0, 452.58811296807164, 249.57563983690395, 228.11619846034608, 424.11790813404707, 200.58414693090776, 158.8238017426859, 324.0385779502188, 318.45407832213425, 108.90821823902914], [418.7242529398076, 401.15458367068425, 356.6791275081849, 409.4288705013363, 351.5124464368225, 554.1786715491675, 261.00766272276377, 528.9357238833467, 590.4345857078496, 501.3232490120521, 505.0346522764552, 412.2923719886168, 323.72982562624657, 621.1553750874253, 434.2453223697407, 403.43524883182926, 196.9009903479411, 622.255574502953, 243.88931915932687, 548.8761244579691, 321.21021154378013, 237.84448700779257, 564.2384247815811, 452.58811296807164, 0.0, 277.3950251897103, 226.947130407062, 190.85072700935672, 601.0274536158894, 374.0761954468635, 153.8083222715858, 203.05910469614506, 402.95036915233123], [205.29490982486632, 132.01893803541975, 285.72714256787015, 176.4652940382329, 172.72232050317064, 280.30340704315387, 248.3646512690564, 251.55715056424057, 321.21799451462863, 247.7761086142084, 304.9458968407347, 209.7546185427153, 142.63590010933433, 349.1618535865566, 232.35533133543547, 127.01181047445942, 85.38149682454625, 352.60459441136044, 33.61547262794322, 308.50769844527383, 44.94441010848846, 39.824615503479755, 300.66759053812234, 249.57563983690395, 277.3950251897103, 0.0, 112.27199116431488, 180.05554698481245, 338.9896753589997, 111.07204868912791, 123.71337841963576, 83.21658488546619, 156.348968656656], [316.8485442605031, 237.25513693068902, 191.56461051039673, 288.73690446494714, 127.88275880665071, 342.84836298282073, 137.55726080436466, 333.304665433894, 372.6043478007201, 277.2002886001384, 282.4694673765644, 320.22492095400696, 245.05101509685693, 405.60202169121396, 209.5041765693467, 222.0923231451281, 66.30987860040162, 404.23879081552775, 93.1933474020544, 322.0465804817682, 150.08331019803634, 89.40357934669059, 342.98688021555574, 228.11619846034608, 226.947130407062, 112.27199116431488, 0.0, 221.04524423746375, 378.41379467455994, 161.91355718407277, 101.04454463255303, 121.07848694132248, 179.8777362543792], [239.370006475331, 260.43233286210835, 410.0, 239.4159560263267, 334.73123547108656, 445.21680112053275, 336.42978465052704, 401.0797925600341, 491.1303289352023, 426.7188770138954, 480.2041232642635, 229.91520175925731, 146.24978632463024, 515.1873445650621, 406.03078701004927, 277.35897317375543, 155.08062419270823, 521.3923666491484, 159.25451327984396, 488.48848502293276, 208.0, 157.0286598045083, 475.2020622850873, 424.11790813404707, 190.85072700935672, 180.05554698481245, 221.04524423746375, 0.0, 513.6788880224688, 290.3945591776816, 127.4244874425634, 106.23088063270491, 336.34060117684277], [384.42164351139235, 274.5050090617656, 385.40627913929995, 349.0014326618159, 275.98007174431996, 90.70832376358854, 437.3934155883008, 160.58953888718904, 42.720018726587654, 101.82828683622247, 191.21192431435858, 401.2443146014657, 410.90266487332497, 64.40496875241847, 210.2974084481309, 244.80604567698077, 406.43326635500694, 48.08326112068523, 368.4562389212591, 91.08786966440702, 305.7220960284029, 373.3630940518894, 38.48376280978771, 200.58414693090776, 601.0274536158894, 338.9896753589997, 378.41379467455994, 513.6788880224688, 0.0, 229.92390045404153, 452.2001769128358, 422.1006988859412, 198.69826370655582], [242.00206610688264, 121.82774724995944, 262.4137953690697, 203.9730374338726, 123.00406497347964, 181.95878654244757, 265.0018867857359, 173.76996288196645, 216.39316070523117, 136.7040599250805, 209.68786326347075, 253.50345165302977, 219.49487465542333, 247.315587862957, 145.12063946937388, 89.04493247793498, 177.65415840897168, 248.20354550247666, 138.7984149765407, 198.47921805569467, 88.05112151472007, 143.54441821262157, 192.04166214652486, 158.8238017426859, 374.0761954468635, 111.07204868912791, 161.91355718407277, 290.3945591776816, 229.92390045404153, 0.0, 222.91253890259293, 193.21490625725542, 51.419840528729765], [289.836160614924, 250.71098898931416, 283.95246080990387, 272.31048455760936, 226.27416997969522, 401.15458367068425, 209.24626639440905, 375.2572450999447, 438.98974931084666, 354.79853438254224, 379.5273376187808, 287.65604460883486, 200.44949488586894, 468.825127312946, 305.3686296920494, 250.30581295687082, 46.14108798023731, 470.73665674132496, 90.13878188659973, 407.86762558457616, 167.94344286098223, 84.0535543567314, 414.6733654335663, 324.0385779502188, 153.8083222715858, 123.71337841963576, 101.04454463255303, 127.4244874425634, 452.2001769128358, 222.91253890259293, 0.0, 59.07622195096772, 256.90854403853524], [230.7834482799839, 198.17668884104407, 312.64196775225173, 213.60009363293827, 228.60008748904713, 362.6086044207997, 250.3797116381437, 329.56941605676946, 404.3092875510035, 329.587621126765, 374.58910822393113, 228.84929538890873, 142.44297104455524, 431.8205645867274, 300.2399040767233, 202.87188075236054, 56.08029957123981, 435.62024746331525, 55.362442142665635, 388.3323319014269, 122.3315167894194, 51.97114584074513, 383.8176650442238, 318.45407832213425, 203.05910469614506, 83.21658488546619, 121.07848694132248, 106.23088063270491, 422.1006988859412, 193.21490625725542, 59.07622195096772, 0.0, 235.28705871764387], [289.8499611868182, 166.6433316997713, 237.11811402758752, 251.2866888635369, 99.04544411531506, 170.4494059831245, 258.08913189051566, 182.53766734567415, 193.89172236070317, 98.40731680114035, 158.43295111813072, 302.1853735705949, 270.9132702545226, 227.9758759167294, 96.82974749528164, 131.04579352272242, 210.77238908357992, 225.22211259110415, 179.93609976877903, 153.05554547287727, 138.81282361511128, 183.77431811871864, 163.1318485152424, 108.90821823902914, 402.95036915233123, 156.348968656656, 179.8777362543792, 336.34060117684277, 198.69826370655582, 51.419840528729765, 256.90854403853524, 235.28705871764387, 0.0]]
0世代
rank = 0, pop_id = 0, calclation_time:128.91566586494446[sec]
pop_index = 0, scores = 739.4668025347676, rank = 0
0世代評価 : [739.4668025347676, 766.858071660031, 757.0523953632692, 763.006817821103, 762.1553825248368, 727.9885891209333, 776.8461921318751, 748.7720558727373, 808.2420549484373, 782.5876837240065, 696.2138545709674, 791.9256918208367, 760.8347582715871, 756.5020137315289, 631.2321735705921, 704.0754355745527, 786.5320284432054, 727.6701090421632, 763.9959998566883, 756.54428599412, 675.6678613278343, 738.0236460192958, 708.0979628694712, 768.0008055241908, 953.4026153917553, 739.0407539765059, 775.0089959664872, 752.7044434643046, 781.2354992559169, 819.1981275712747, 817.9998821510395, 711.033902739807, 758.382664694175, 798.6331922134282, 769.7050759655995, 679.8756276159676, 730.1673912473246, 788.5711797821621, 796.853656573076, 713.1547348840364, 785.0379222665838, 731.306515184946, 776.3306972858102, 755.7732055191955, 731.3736740440633, 806.1584637234514, 733.1347906048951, 732.9895051107567, 777.3772219170922, 782.688782451995, 788.0119681829937, 753.1197005484433, 779.3415984040554, 749.3694549169561, 774.4743495388179, 698.4342695395866, 782.8421361667249, 727.1238418501786, 784.7406082609159, 795.3846156249713, 797.3542932953276, 756.3218817869395, 786.0831309767606, 754.4884718387449, 726.3652056482229, 769.7593518254596, 759.7122273909099, 793.420257558706, 797.2446645131756, 750.2695926025325, 732.9550969515999, 743.8193966609355, 766.1547887860672, 697.8965347602534, 708.6680657685639, 824.8741043256958]
0世代, new best [1, 1, 1, 0, 0, 0, 1, 0, 1, 1, 1, 1, 0, 0, 1, 1, 1, 1, 1, 1, 1, 1, 1, 0, 1, 0, 1, 0, 0, 0, 0, 1, 1] = 739.4668025347676
拠点利用数 : 21
0世代, new best [0, 1, 1, 1, 1, 0, 1, 1, 1, 0, 1, 0, 1, 0, 1, 1, 0, 1, 1, 1, 0, 0, 0, 1, 0, 1, 1, 1, 1, 0, 0, 1, 1] = 738.0236460192958
拠点利用数 : 21
0世代, new best [1, 0, 0, 1, 1, 0, 1, 1, 0, 0, 1, 1, 1, 1, 0, 1, 1, 1, 1, 1, 0, 1, 1, 0, 1, 0, 0, 0, 0, 1, 1, 1, 0] = 713.1547348840364
拠点利用数 : 20
1世代
rank = 0, pop_id = 0, calclation_time:118.7537305355072[sec]
pop_index = 0, scores = 691.7238345614818, rank = 0
1世代評価 : [691.7238345614818, 725.5925652412812, 784.7164499784809, 677.9178426128342, 799.7433313280261, 804.7056490162867, 762.2972003435024, 760.6141257125182, 767.2017893902912, 734.4077362425639, 690.6462005788994, 747.8155407148088, 756.8184992467113, 761.8478973656592, 704.7121470633848, 782.7324386209172, 803.5118659204998, 800.731511048364, 707.3126916895858, 807.3944340048536, 746.7902050423346, 717.2172857407456, 818.1495086892494, 739.9614803728517, 738.2703873085535, 696.6759619388242, 740.6388071170047, 807.1042841747037, 709.7458328922564, 802.2743364173167, 723.5463236486246, 747.756193950349, 751.0069386980214, 789.2171992442048, 751.0725811975018, 654.835015265697, 758.6304643658377, 757.4101871418026, 771.9907309257262, 753.1324204456689, 756.326743614886, 750.1374698662104, 756.6937911483311, 707.5066677964278, 654.6760395072948, 796.0359969026597, 735.1463503217431, 717.8435786521125, 754.24739117819, 710.3196453566896, 775.0320382745721, 756.7285032281588, 681.019812968985, 794.4909932231467, 754.2946821305856, 747.6503481216383, 794.3530096049299, 676.8964384103014, 784.375097967503, 762.6098874521978, 758.9660749088838, 707.4271717021547, 712.0071828045295, 785.1871243269562, 719.3036824340602, 720.8779902285397, 778.4317320950188, 648.2360072556149, 812.5886002658377, 746.7043072888703, 680.5833120996266, 711.4227960989192, 709.3063348305932, 709.6509808519462, 761.3108201800197, 752.3906998109554]
1世代, new best [0, 0, 0, 1, 1, 0, 1, 1, 0, 1, 0, 1, 0, 0, 1, 0, 1, 0, 1, 1, 1, 1, 1, 1, 1, 1, 1, 0, 1, 1, 0, 1, 1] = 709.7458328922564
拠点利用数 : 21
2世代
rank = 0, pop_id = 0, calclation_time:124.58142828941345[sec]
pop_index = 0, scores = 730.1929059875813, rank = 0
2世代評価 : [730.1929059875813, 725.7280529873082, 812.9692057010552, 706.7268034056118, 750.7348927553855, 766.9047623374245, 762.5395673728128, 800.3590599904651, 747.6754394702996, 683.7860789829989, 757.8259948348435, 673.5117945039887, 706.9090968639704, 729.0876562072505, 736.1955984871248, 770.561726587909, 745.7459133643783, 739.4182757509909, 736.0513060464117, 665.9285819130815, 753.8505364975184, 705.8177594511487, 677.981481620104, 758.6964520010139, 755.9993889410545, 698.9764246446676, 753.1502362489379, 674.7416854206048, 773.5714395947896, 804.6399015615734, 722.7197738463279, 653.2512734288619, 756.3119769584669, 733.7456928005911, 728.9448887078365, 739.8861526313891, 774.7289813522957, 687.8706139380765, 681.9970402184001, 749.3658015841239, 817.4023949417502, 759.3106523086782, 703.3456850998225, 834.8479543808324, 679.9049218701025, 647.3479793735509, 733.8108085544684, 726.4585158177221, 704.082193974928, 751.2774909806035, 752.9960838300515, 787.3765350678563, 642.8009399594308, 720.2228583174182, 761.0254454760228, 755.1896529014914, 795.598556503639, 808.775236660228, 753.001759938009, 731.9148447779316, 730.8442608099748, 775.2769627376098, 717.4041370430301, 713.2619988763398, 749.6957818356675, 737.452891240438, 747.2593658439447, 678.8464048055996, 691.3329953717335, 701.0944797516788, 732.077131907506, 761.041348899249, 770.6936936799822, 663.2713062783745, 725.7581272279297, 747.8754377998392]
3世代
rank = 0, pop_id = 0, calclation_time:131.19226694107056[sec]
pop_index = 0, scores = 751.4697601642038, rank = 0
3世代評価 : [751.4697601642038, 721.3894928212388, 766.7077686875684, 766.9521629291825, 826.4585284452388, 749.3698442673035, 744.5015953133753, 692.7063584679956, 753.6232022332274, 776.2173360191728, 748.4993122717724, 790.1094391021804, 759.9708245331698, 758.4937231001501, 733.7592138256234, 720.8678003597322, 787.9415169555836, 752.058995621574, 717.0577676107936, 735.588068018123, 699.330282846343, 831.7916172333149, 761.7813882073685, 753.1071785263748, 718.650070951429, 679.8084032387861, 678.2655120088816, 753.9082434736642, 794.1380898370769, 658.0400231114623, 725.950930341704, 742.7136259080465, 695.8312918969511, 780.1733434738892, 698.2345025821245, 676.4569122150637, 781.0600544379603, 746.1333934698256, 742.8993915753485, 702.5220714418399, 671.9597868003431, 738.5197175093859, 773.6782892572193, 739.4911482857323, 800.6666711218428, 660.4008463428513, 742.7212418190954, 759.6250957144498, 779.4924452406003, 769.9771893509426, 791.0284882576118, 738.7715808216198, 733.2732381737626, 806.1396970233054, 811.3918249309475, 775.1069028986443, 750.4758100910936, 757.3461834351936, 740.0254728456192, 682.8315948145129, 717.8994608072388, 714.4166859739714, 712.7602469753284, 786.9959385465502, 783.9361692170967, 718.710595820629, 790.9508518881929, 741.7793737442148, 786.7308065414422, 784.5840135697373, 751.2650340117982, 737.4321925871482, 713.0427500033248, 796.4366665210443, 663.2011187336878, 811.2741480514321]
4世代
rank = 0, pop_id = 0, calclation_time:130.50200033187866[sec]
pop_index = 0, scores = 743.7367142023636, rank = 0
4世代評価 : [743.7367142023636, 711.4959418495073, 796.1909361152299, 720.7070730105929, 762.2908442162638, 702.8075990745873, 709.1311828829769, 724.9142637648943, 768.8249184148024, 724.7503412687782, 783.800082773494, 734.3349929814135, 810.8500388544799, 773.7519777574856, 767.8087509573692, 716.1463568609283, 794.4981914179843, 734.3649474283411, 715.942057601481, 802.9375113582383, 746.9693743524159, 743.2616437789313, 729.3323831030735, 647.8062619028054, 781.4587284999658, 659.8555916467797, 714.562608856511, 769.972919911274, 782.0155567302631, 724.7628019580764, 756.7907427904305, 728.8894949820645, 772.8917431178011, 696.8145340518383, 817.8840286380737, 805.8980309634975, 812.8119089704676, 738.6093571163063, 801.9246381995089, 752.2459285250144, 711.5520798362684, 768.7875536429699, 699.4066510611538, 779.968803103128, 699.3042556421384, 724.7610939117537, 665.301604536472, 747.0003575654175, 755.5044889485594, 759.0052453757901, 726.6156980755129, 717.0181183465609, 758.9850200494822, 770.8520993428061, 737.7659375046849, 767.452612177489, 736.6965680208639, 794.4310844754392, 768.9812496294173, 654.7234905784472, 720.8395266955757, 735.5881677151237, 722.497185046986, 754.6595556398323, 776.5312498971174, 714.5347622806877, 756.5089591606151, 790.4089712060022, 671.9312031579422, 837.8497338651, 745.877295162667, 773.7258090357184, 760.4501255178222, 748.6034589124903, 763.4401936541996, 683.284144272695]
4世代, new best [1, 1, 1, 0, 0, 0, 1, 0, 1, 1, 1, 1, 1, 0, 0, 0, 1, 0, 0, 0, 1, 1, 1, 1, 1, 1, 1, 1, 0, 0, 1, 1, 0] = 699.4066510611538
拠点利用数 : 20
5世代
rank = 0, pop_id = 0, calclation_time:118.643545627594[sec]
pop_index = 0, scores = 738.4314083823916, rank = 0
5世代評価 : [738.4314083823916, 745.1341109919967, 736.2669293332501, 790.5977460421776, 761.216458753646, 702.7035920050042, 705.5099600093979, 768.4739030202612, 720.9349846811602, 787.7160433508291, 769.357295070746, 701.1566867913447, 766.292878374061, 754.6422680696188, 694.9439463338454, 791.8875899143428, 759.0892783381927, 734.8836231027663, 751.7011847421581, 690.6972781092791, 773.5888042065768, 731.92171845372, 761.1457584645656, 804.154105505764, 771.8421316889876, 655.9885098882647, 789.9589995589607, 701.7005896823576, 741.1772755586105, 734.5285223302557, 698.7298157737205, 807.3122576135563, 723.7426446403794, 746.5829471631956, 776.2636310838657, 771.1742355010831, 780.4128823485077, 686.9315179403725, 803.9000591240246, 735.9290281139179, 707.6625585788648, 745.8917501223874, 802.1451787179577, 709.0845340635385, 713.2925606387201, 746.6337847047723, 801.6828249073907, 658.2745077889216, 765.3319058047484, 673.0999834703067, 761.6663907027691, 747.028378104349, 717.1863814424944, 747.4926935792801, 819.2091713066804, 800.4570960231196, 747.990384742641, 809.0283350572198, 826.9474625525129, 646.241101012836, 770.7986441466356, 669.6610571683643, 712.0075992015389, 740.4842846097149, 763.6266328457338, 704.4773809431737, 688.0026371003362, 785.6916514533921, 752.0103360115938, 761.5490882739731, 700.5020401785237, 723.2649698757057, 697.5930139663895, 734.553810226101, 758.0034905564219, 735.686608272872]
6世代
rank = 0, pop_id = 0, calclation_time:125.00654888153076[sec]
pop_index = 0, scores = 730.5126796641463, rank = 0
6世代評価 : [730.5126796641463, 696.1127946989566, 786.442712009822, 675.1412733672514, 776.9542601106994, 751.3016039177215, 802.833095501835, 733.9113977056036, 680.4278464139503, 753.7682860207324, 735.9388820241506, 745.4798088545754, 770.1332719291069, 729.8806297985005, 775.0525387263328, 754.4256817825166, 755.5122442437739, 717.6217719616142, 728.8417353578034, 719.9634733286497, 690.1714243134421, 714.7216673191132, 710.4678925747174, 683.885704714066, 755.4275035386261, 757.6897067273236, 771.4847246108894, 755.436023418611, 728.319263671915, 800.0314479097265, 714.94538539054, 684.9251567047173, 725.0876181873023, 684.8927447653039, 745.096979028767, 754.675874191011, 760.5617785851432, 791.3698000157978, 766.7481917241162, 707.6880548384152, 762.5805287035787, 732.7855656990333, 801.3463799728374, 706.3645873527308, 749.0945069237388, 659.3110456504853, 740.3099671550491, 669.2488032809727, 736.2157836582466, 751.177567854824, 720.9373138875721, 758.6108082957318, 776.0519097955004, 725.2728690877725, 673.0154341864562, 811.5034597712053, 755.3018869482478, 763.1352554702992, 764.5077768420232, 709.9949291617006, 708.0365806601063, 779.1198595816329, 707.5070025795949, 712.8087072953286, 809.0590576620572, 752.4510852351359, 698.5400505826145, 742.3743871732171, 714.2627964586865, 668.0223879484433, 762.9643597710602, 850.3436052612368, 803.3845463455059, 731.5769260576366, 816.4434460072266, 771.9213260808698]
7世代
rank = 0, pop_id = 0, calclation_time:142.7627658843994[sec]
pop_index = 0, scores = 782.1021027533931, rank = 0
7世代評価 : [782.1021027533931, 741.6716133388477, 753.6878383493248, 744.8050245617812, 766.9283115953289, 730.7094668371572, 751.2584608012943, 810.3958482751519, 727.5781631953361, 755.1250249244595, 719.8505008048479, 754.025652528776, 726.6443489062198, 756.7512304006834, 720.7623371431032, 815.2166288368942, 796.1003050796821, 718.8963330887977, 690.0122474048709, 740.0701851226288, 713.2224733408125, 749.9442239752884, 755.7642806785447, 704.9557145740605, 687.68817968367, 731.9799018591794, 694.1379414510276, 788.1630305913773, 783.9311957271034, 790.8181798868407, 766.876188476426, 747.0023943871006, 725.0989632164706, 748.2759395163152, 695.1914093694785, 742.7165081185195, 767.5955924614665, 676.4548822831321, 802.7841697279102, 705.115366990255, 751.6169309432419, 809.2013430293358, 761.6452006048863, 688.3696033706004, 784.8853815000108, 722.6992790849837, 737.0124283146044, 806.0919983954061, 750.392591165506, 752.7050746123357, 746.0473462045273, 749.3513499993315, 795.603821085679, 740.9828788802745, 816.6530742338564, 714.1674556396293, 794.9298488203865, 785.7232714286629, 779.761100417993, 659.7961544848779, 739.8049258875295, 707.1845610459291, 714.8978651028428, 673.224582390304, 783.3504803516153, 790.9493235976978, 819.213294497895, 844.6722325776535, 669.9529797912835, 742.0718427057808, 724.7092335821991, 730.708668725121, 698.2887099001873, 752.65183225274, 729.2756317905868, 752.5110339792734]
8世代
rank = 0, pop_id = 0, calclation_time:163.3095359802246[sec]
pop_index = 0, scores = 812.3030694834432, rank = 0
8世代評価 : [812.3030694834432, 754.3451104640212, 704.5862085355847, 772.2061156642673, 663.0848286405467, 656.5887540495864, 677.4882938682634, 740.4457787602148, 731.5308734926266, 675.9467661765517, 742.8812616734976, 740.946244717444, 748.3403527665625, 769.105834532018, 680.7129236350204, 761.2656277139027, 649.7323391154532, 774.288714850361, 774.6329699342953, 753.5769686146111, 726.7914665077548, 815.1930213528872, 731.3192860034868, 720.1401522660457, 730.6074289254058, 721.2212437503596, 754.6506562252641, 691.406414846482, 731.3423942147537, 714.2357277712691, 790.1100164309228, 796.9476049501083, 739.9197582409624, 765.3324947483601, 671.2530984231717, 710.4970801100849, 686.1162222606004, 716.4540143742801, 798.9579475120743, 804.586787606289, 730.3649868967425, 734.8964075843708, 742.7759649708458, 652.2122247573, 683.4804271038195, 731.5600262503795, 626.5422568882659, 781.3807589632667, 787.0667050889489, 754.8937106513112, 791.424892850928, 737.0577156580739, 830.8949368659124, 725.787500127521, 825.1442367952377, 722.0161848244454, 710.9466956103739, 692.4034296745776, 797.1443331969963, 710.0082278508535, 756.2177480052402, 742.2568759098212, 819.0630752194606, 768.5103943282569, 795.9045060998386, 735.134611181513, 698.2688254312491, 737.2676764534475, 741.5724812679694, 700.7574007634644, 807.0975810179128, 767.9051699538768, 779.713776762464, 756.3343101847581, 806.2176254669898, 778.2798630393773]
9世代
rank = 0, pop_id = 0, calclation_time:131.89452576637268[sec]
pop_index = 0, scores = 752.9614188446894, rank = 0
9世代評価 : [752.9614188446894, 721.4211203182599, 722.1417811134411, 771.5535629334076, 743.3069579350964, 783.5880690511057, 723.1103231531539, 732.5464361543457, 759.5306014352167, 796.829740567911, 716.8869224313887, 706.0520084718851, 693.287526634154, 780.6186091910034, 752.6197621922934, 777.3210973566518, 821.6358174760578, 767.5298063199278, 686.4707632192196, 721.0089836408241, 752.361438965987, 696.7682714710908, 729.8632135929906, 751.8024231973593, 816.6608392594687, 754.1141441383558, 810.9570464544602, 716.181873216793, 705.1022346539976, 643.1372035275627, 758.8579131881669, 736.7758768234754, 718.2753058400494, 713.7392323161904, 689.9381418465415, 723.8012066849031, 711.6958536222782, 788.7397311907046, 761.763214133956, 695.6219409919973, 696.620299965035, 753.4261936262791, 748.5617876861122, 740.1642491337111, 729.4508269785082, 772.6988762658631, 769.3604227502731, 717.5712329000456, 716.6530704165342, 736.2838682663843, 650.9944254763135, 734.7246741556838, 742.7315953732718, 716.0044807913363, 799.0238279618635, 772.0668951739403, 766.6438428518736, 700.3419415740813, 732.9183334648545, 695.4252979850684, 776.4264022226423, 736.3101401130407, 778.21578730894, 720.6246811466372, 752.5916552417563, 776.7221704140962, 666.0684536946248, 743.6104772310111, 705.5830562150377, 745.407342226691, 796.5955961314982, 730.8694117135509, 730.0838570317239, 649.7087589109926, 706.3868291433766, 742.3425208235371]
10世代
rank = 0, pop_id = 0, calclation_time:105.02907419204712[sec]
pop_index = 0, scores = 697.2587082642285, rank = 0
10世代評価 : [697.2587082642285, 686.8482731197258, 814.5554860751652, 705.4179832201232, 789.8239224531748, 743.5046386351124, 756.6337506074032, 668.9338393827824, 796.7676505328723, 808.3449166301522, 728.1273179924463, 714.0903056477714, 725.4316046092249, 735.7732740851548, 698.6126113807143, 724.5102392957788, 761.3580896422412, 770.5829882962925, 776.6982967951259, 732.332990110956, 723.7288170242019, 707.9482554447799, 781.2904635461534, 671.2097614599791, 778.5955550973144, 727.3117683595427, 776.2010015805773, 703.5258434529733, 681.7331518219365, 727.2546452007728, 770.6467110621384, 701.2334545088395, 742.1075817793834, 742.0215730444801, 753.6692995835313, 809.1073802898693, 743.5044735747758, 813.6270421526237, 753.5058527393412, 743.9174476973384, 761.2911151170758, 796.9598449377788, 697.986931945925, 709.7449619131628, 808.9491073581785, 742.1715163182315, 683.0816404070785, 661.7797765493128, 725.2512803091195, 759.2215589107557, 671.2471941574919, 758.8352873775286, 691.0333661936304, 760.6682506457721, 698.1357069969248, 663.7020055518874, 812.8436027565051, 676.8965375606972, 777.8404646135779, 676.7969400024886, 783.141148625466, 807.462198331584, 709.4643387544179, 731.281458845284, 731.3139486952969, 806.7393945558824, 719.289748215366, 738.6440439842854, 728.2319695295021, 806.3729208028402, 770.9446653836338, 717.9966605179239, 753.4839224546956, 715.2201586528192, 722.5430576138996, 786.6674830046834]
11世代
rank = 0, pop_id = 0, calclation_time:130.00053668022156[sec]
pop_index = 0, scores = 770.4345574115047, rank = 0
