Popularity : [[6, 5], [4, 5], [15, 12], [9, 6], [4, 9], [13, 3], [6, 2], [3, 5], [1, 4], [3, 3], [5, 4], [16, 12], [11, 3], [15, 2], [2, 4], [7, 4], [5, 5], [4, 18], [6, 7], [3, 9], [6, 6], [5, 2], [14, 17], [5, 6], [6, 16], [2, 4], [6, 4], [6, 5], [4, 2], [1, 3], [6, 6], [5, 14], [2, 3]]
Distance : [[0.0, 216.6748716395143, 205.7790076757102, 289.0155705148081, 212.26869764522513, 223.16137658654108, 272.3031399011036, 182.43903091169938, 182.43903091169938, 115.97413504743201, 250.16994223927063, 196.08671551127577, 224.53952881397075, 219.0091322296858, 257.96317566660554, 276.5863337187866, 278.3522947633089, 276.3656997530627, 234.26694175662087, 146.7310464761974, 52.009614495783374, 151.47607071745688, 139.62807740565648, 194.7331507473753, 181.20706387997132, 266.33249895572266, 146.3488981851247, 279.06450867138227, 192.27064258487306, 111.30588483993108, 147.82760229402356, 261.3446000972662, 120.2538980657176], [216.6748716395143, 0.0, 406.6017707782395, 322.1335126931068, 407.0700185471782, 317.4161306550126, 449.40961271428097, 392.7340066762745, 356.9313659514949, 317.40510392871755, 51.97114584074513, 376.3960679922148, 315.1920049747455, 51.0, 439.01822285640947, 468.8368586192856, 482.26548705044195, 392.8689348879598, 386.22920656004254, 187.5366630821824, 202.23006700290637, 196.3797341886377, 88.02272433866155, 120.10412149464314, 342.70687183072357, 463.28932644730764, 107.93516572461452, 467.48796775959914, 374.83329627982624, 182.33211456021672, 97.86214794290998, 467.4109540864441, 334.41441356496586], [205.7790076757102, 406.6017707782395, 0.0, 456.31677593531447, 20.223748416156685, 202.37094653136353, 306.0261426741186, 171.75855146105536, 262.5280937347468, 194.91793144808406, 426.9519879330696, 258.4975821937219, 373.41264038594085, 392.58120179142554, 74.79304780526061, 73.79024325749306, 242.3984323381651, 388.59876479474303, 119.68291440301745, 343.11076928595526, 204.53361581901396, 249.06224121692955, 319.49491388752966, 338.0088756231114, 102.41581909060729, 60.876925020897694, 309.2005821469293, 286.81004166521086, 252.67568145747623, 236.07202290826416, 316.28468189275304, 224.01785643113362, 150.0133327407934], [289.0155705148081, 322.1335126931068, 456.31677593531447, 0.0, 470.4083332595204, 510.2832546733236, 262.1011255221923, 318.7883310285996, 218.05045287731002, 263.4539808012018, 373.8355253316624, 234.5548976252681, 87.93179174792243, 366.0122948754591, 524.7561338374236, 529.4619910815129, 349.516809323958, 134.1044369139217, 518.5643643753397, 158.11388300841898, 332.8798582071315, 415.61640968566195, 324.7799254880141, 402.44875450173777, 465.6973265974371, 513.7908134640011, 354.682957019364, 297.4306641891518, 238.51624682608102, 375.985372055882, 346.930828840563, 347.0864445638867, 308.5271462934826], [212.26869764522513, 407.0700185471782, 20.223748416156685, 470.4083332595204, 0.0, 187.27786842016332, 325.7376244771242, 191.19100397246729, 280.2034974799565, 210.7225664232476, 425.07528744917647, 276.87542325024083, 388.52541744395563, 390.58545799863055, 56.4003546088143, 64.32728814430156, 262.60616900598507, 406.07881008493905, 100.66280345788111, 352.82290175100593, 206.0606706773517, 242.4396832203837, 319.3900436770063, 333.2161460673837, 89.09545442950498, 56.22277118748239, 307.1742176680849, 306.88271375233893, 271.0461215365385, 232.69078194032525, 314.77134558278965, 244.2396364229197, 166.29191201017565], [223.16137658654108, 317.4161306550126, 202.37094653136353, 510.2832546733236, 187.27786842016332, 0.0, 457.08861285313156, 329.46168214224855, 382.57678967757573, 303.9161068452937, 313.0015974400131, 389.06169176622876, 447.4874299910557, 281.101405190369, 178.4040358287895, 221.0, 421.47004638526806, 493.85524194848836, 101.24228365658294, 358.4536232206337, 177.50492950901392, 121.33424908079334, 238.0693176366917, 207.15211801958483, 100.62305898749054, 227.72790781983662, 210.79136604709407, 449.8110714511149, 383.7877017310482, 146.81961721786362, 221.472345903501, 402.0572098594925, 275.04545078950133], [272.3031399011036, 449.40961271428097, 306.0261426741186, 262.1011255221923, 325.7376244771242, 457.08861285313156, 0.0, 135.05924625881784, 93.49331526906082, 159.45218719101973, 495.600645681581, 76.55716818169282, 183.92661580097646, 470.95222687656974, 380.2656965859529, 364.5394354524624, 97.94386147176351, 133.9589489358587, 412.84379612633154, 273.4904020253727, 321.5618136533006, 420.55677381300137, 397.0503746377782, 463.9676712875586, 370.95147930693037, 345.44174617437307, 412.7820248024373, 36.87817782917155, 80.05623023850174, 382.2800020927069, 411.5337167231866, 104.4030650891055, 182.04395073717774], [182.43903091169938, 392.7340066762745, 171.75855146105536, 318.7883310285996, 191.19100397246729, 329.46168214224855, 135.05924625881784, 0.0, 102.95630140987001, 77.83315488916018, 430.7354176289663, 92.31467922275417, 230.9328906847182, 400.67068772247364, 246.4163143949686, 234.4013651837378, 98.48857801796105, 225.72992712531496, 278.28941769316344, 255.0019607767752, 221.45202640752692, 313.05750270517393, 321.55248405198176, 374.81862280308326, 238.41140912296962, 215.84485168750263, 328.3443314570849, 121.06609764917675, 86.83317338436964, 279.7373768376332, 330.22568040659706, 80.15609770940699, 64.07027391856539], [182.43903091169938, 356.9313659514949, 262.5280937347468, 218.05045287731002, 280.2034974799565, 382.57678967757573, 93.49331526906082, 102.95630140987001, 0.0, 78.85429601486528, 402.48354003611126, 21.02379604162864, 130.26895255585654, 377.5142381420865, 336.6021390306366, 330.9743192454665, 142.61837188805654, 126.15070352558483, 353.6453025278294, 186.93849255838134, 233.28308982864576, 333.08407347094817, 303.63794229311986, 371.46870662277865, 306.2025473440742, 313.2554867835518, 319.95312156626943, 111.5212984142491, 22.360679774997898, 293.58644382872995, 318.4163940503064, 135.07405376311175, 116.29703349613007], [115.97413504743201, 317.40510392871755, 194.91793144808406, 263.4539808012018, 210.7225664232476, 303.9161068452937, 159.45218719101973, 77.83315488916018, 78.85429601486528, 0.0, 357.5262228144951, 86.02325267042627, 178.80715869338118, 328.81149614938954, 266.6552080871476, 267.00187265260894, 165.55965692160635, 198.9572818471342, 276.8483339303309, 178.90779748239035, 162.92636373527768, 261.27571643763605, 250.7149776140229, 310.5945910668761, 228.23233776132602, 250.76881783826315, 261.3350340080717, 163.29421300217592, 81.15417426109393, 223.6000894454204, 261.8110005328271, 150.08331019803634, 45.221676218380054], [250.16994223927063, 51.97114584074513, 426.9519879330696, 373.8355253316624, 425.07528744917647, 313.0015974400131, 495.600645681581, 430.7354176289663, 402.48354003611126, 357.5262228144951, 0.0, 421.3846224057067, 366.5474048469038, 34.52535300326414, 451.45320909259243, 484.48426187029025, 523.0726526975005, 443.8118970915494, 392.04591567825315, 238.4386713601634, 226.38462845343543, 196.36700333813724, 111.4136436887332, 105.99056561788883, 353.1925820285585, 480.88460154178364, 117.90250209389112, 511.9570294468082, 419.4532155079992, 193.18902660347973, 110.72488428533127, 507.42487128638066, 370.1351104664349], [196.08671551127577, 376.3960679922148, 258.4975821937219, 234.5548976252681, 276.87542325024083, 389.06169176622876, 76.55716818169282, 92.31467922275417, 21.02379604162864, 86.02325267042627, 421.3846224057067, 0.0, 147.36349615830918, 395.8396139852604, 333.11409456821247, 324.8538132760642, 122.0245876862528, 133.41664064126334, 354.7520260689148, 207.88458336298052, 245.93698379869588, 345.37660604042077, 321.0763149159402, 387.42354084386767, 308.92393885874236, 306.68713699795103, 336.3093813737583, 91.28526715741155, 5.830951894845301, 306.5697310564107, 335.19695702676063, 115.27792503337315, 117.34138229968147], [224.53952881397075, 315.1920049747455, 373.41264038594085, 87.93179174792243, 388.52541744395563, 447.4874299910557, 183.92661580097646, 230.9328906847182, 130.26895255585654, 178.80715869338118, 366.5474048469038, 147.36349615830918, 0.0, 350.9544129940526, 443.8299223801838, 445.8004037683232, 265.09243670840556, 79.32212806020776, 444.2352980122133, 128.57682528356344, 273.5415873317986, 365.77178677421256, 293.901343991483, 371.43640101637857, 392.23717314910374, 429.5357959472062, 320.0562450570212, 217.1013588165675, 151.08275877809487, 324.63672004257313, 314.35807608521844, 261.27571643763605, 224.0200883849482], [219.0091322296858, 51.0, 392.58120179142554, 366.0122948754591, 390.58545799863055, 281.101405190369, 470.95222687656974, 400.67068772247364, 377.5142381420865, 328.81149614938954, 34.52535300326414, 395.8396139852604, 350.9544129940526, 0.0, 417.02038319487457, 449.9611094305818, 494.28028485870243, 426.61106408530947, 358.2010608582839, 222.40728405337808, 192.83671849520775, 162.9969324864735, 79.40403012442127, 75.64390259630977, 318.8306760648981, 446.37428241331287, 83.43260753446461, 485.7200839990045, 393.6000508130048, 158.67577004697347, 76.55063683601855, 478.21334151192394, 339.24622326563934], [257.96317566660554, 439.01822285640947, 74.79304780526061, 524.7561338374236, 56.4003546088143, 178.4040358287895, 380.2656965859529, 246.4163143949686, 336.6021390306366, 266.6552080871476, 451.45320909259243, 333.11409456821247, 443.8299223801838, 417.02038319487457, 0.0, 43.18564576337837, 312.41798923877604, 462.47270189709576, 77.83315488916018, 402.0808376433774, 243.3105012119288, 259.7883754135277, 351.05127830560593, 353.41194094144583, 98.65596788841515, 54.62600113499065, 334.6595284763307, 359.86942076258714, 327.28733553255614, 258.62714474702767, 343.32783167113035, 294.7168132292421, 222.48145990171855], [276.5863337187866, 468.8368586192856, 73.79024325749306, 529.4619910815129, 64.32728814430156, 221.0, 364.5394354524624, 234.4013651837378, 330.9743192454665, 267.00187265260894, 484.48426187029025, 324.8538132760642, 445.8004037683232, 449.9611094305818, 43.18564576337837, 0.0, 289.03287010303865, 457.0098467210526, 120.91732712891069, 416.32919667013505, 269.1189328159578, 296.31908477180474, 380.888435109285, 389.15421107833333, 135.55810562264435, 19.313207915827967, 366.84874267196284, 340.90614544182097, 319.10499839394555, 291.322844967572, 374.95733090579785, 272.472016911829, 221.812984290821], [278.3522947633089, 482.26548705044195, 242.3984323381651, 349.516809323958, 262.60616900598507, 421.47004638526806, 97.94386147176351, 98.48857801796105, 142.61837188805654, 165.55965692160635, 523.0726526975005, 122.0245876862528, 265.09243670840556, 494.28028485870243, 312.41798923877604, 289.03287010303865, 0.0, 228.74002710500844, 359.05013577493605, 326.4383555895355, 319.50743340335606, 411.4911906711977, 415.865362827923, 472.200169419707, 325.77906623968335, 269.74246977441277, 424.6998940428406, 62.68173577685928, 120.33287165193059, 378.15473023618256, 425.9589182069088, 19.4164878389476, 162.40997506310995], [276.3656997530627, 392.8689348879598, 388.59876479474303, 134.1044369139217, 406.07881008493905, 493.85524194848836, 133.9589489358587, 225.72992712531496, 126.15070352558483, 198.9572818471342, 443.8118970915494, 133.41664064126334, 79.32212806020776, 426.61106408530947, 462.47270189709576, 457.0098467210526, 228.74002710500844, 0.0, 475.66059328054496, 205.38743875904387, 327.96493715029965, 425.13174428640355, 365.1985761198967, 441.37625672435075, 426.21356149235794, 439.15942435521066, 389.22487073669896, 170.69563556224864, 138.94603268895446, 383.8814921300583, 384.5529872462311, 230.59271454232893, 240.77582935170216], [234.26694175662087, 386.22920656004254, 119.68291440301745, 518.5643643753397, 100.66280345788111, 101.24228365658294, 412.84379612633154, 278.28941769316344, 353.6453025278294, 276.8483339303309, 392.04591567825315, 354.7520260689148, 444.2352980122133, 358.2010608582839, 77.83315488916018, 120.91732712891069, 359.05013577493605, 475.66059328054496, 0.0, 380.80047268878224, 205.27542473467201, 196.09181522949905, 299.8616347584332, 289.62389404191083, 53.150729063673246, 129.80754985747168, 278.84224930953343, 398.24615503479754, 349.01719155365396, 204.0245083317198, 288.51343122981297, 340.14702703389895, 237.69728648009425], [146.7310464761974, 187.5366630821824, 343.11076928595526, 158.11388300841898, 352.82290175100593, 358.4536232206337, 273.4904020253727, 255.0019607767752, 186.93849255838134, 178.90779748239035, 238.4386713601634, 207.88458336298052, 128.57682528356344, 222.40728405337808, 402.0808376433774, 416.32919667013505, 326.4383555895355, 205.38743875904387, 380.80047268878224, 0.0, 181.95878654244757, 258.14143410154054, 169.3576098083579, 247.51767613647314, 327.8322741891042, 403.832886228945, 197.9898987322333, 297.5987231155403, 208.06249061279644, 219.23731434224422, 190.9476368012969, 315.54555930958685, 215.14878572745886], [52.009614495783374, 202.23006700290637, 204.53361581901396, 332.8798582071315, 206.0606706773517, 177.50492950901392, 321.5618136533006, 221.45202640752692, 233.28308982864576, 162.92636373527768, 226.38462845343543, 245.93698379869588, 273.5415873317986, 192.83671849520775, 243.3105012119288, 269.1189328159578, 319.50743340335606, 327.96493715029965, 205.27542473467201, 181.95878654244757, 0.0, 99.84988733093293, 116.09048195265622, 154.20765220960988, 154.31461369552787, 262.1907702418222, 112.05802068571441, 325.92330386150667, 241.82018112638985, 60.728905802755904, 116.76472069936193, 301.5592810709032, 157.4102919125684], [151.47607071745688, 196.3797341886377, 249.06224121692955, 415.61640968566195, 242.4396832203837, 121.33424908079334, 420.55677381300137, 313.05750270517393, 333.08407347094817, 261.27571643763605, 196.36700333813724, 345.37660604042077, 365.77178677421256, 162.9969324864735, 259.7883754135277, 296.31908477180474, 411.4911906711977, 425.13174428640355, 196.09181522949905, 258.14143410154054, 99.84988733093293, 0.0, 117.5967686630887, 93.90420650854784, 161.29786111415117, 295.8141308321832, 89.47066558375433, 423.1359119715555, 341.1231449198368, 41.30375285612676, 100.17983829094555, 392.8256610762591, 249.6237168219398], [139.62807740565648, 88.02272433866155, 319.49491388752966, 324.7799254880141, 319.3900436770063, 238.0693176366917, 397.0503746377782, 321.55248405198176, 303.63794229311986, 250.7149776140229, 111.4136436887332, 321.0763149159402, 293.901343991483, 79.40403012442127, 351.05127830560593, 380.888435109285, 415.865362827923, 365.1985761198967, 299.8616347584332, 169.3576098083579, 116.09048195265622, 117.5967686630887, 0.0, 78.16009211867653, 255.13133872576296, 375.5862084794914, 31.906112267087632, 409.78164917428893, 318.44622779992227, 96.04686356149273, 22.47220505424423, 399.520963154626, 259.8788179132728], [194.7331507473753, 120.10412149464314, 338.0088756231114, 402.44875450173777, 333.2161460673837, 207.15211801958483, 463.9676712875586, 374.81862280308326, 371.46870662277865, 310.5945910668761, 105.99056561788883, 387.42354084386767, 371.43640101637857, 75.64390259630977, 353.41194094144583, 389.15421107833333, 472.200169419707, 441.37625672435075, 289.62389404191083, 247.51767613647314, 154.20765220960988, 93.90420650854784, 78.16009211867653, 0.0, 254.78814729103863, 387.6957570054127, 52.392747589718944, 473.212425872356, 384.1939614309418, 103.24727599312246, 57.07889277132134, 454.6669110458776, 311.00160771288625], [181.20706387997132, 342.70687183072357, 102.41581909060729, 465.6973265974371, 89.09545442950498, 100.62305898749054, 370.95147930693037, 238.41140912296962, 306.2025473440742, 228.23233776132602, 353.1925820285585, 308.92393885874236, 392.23717314910374, 318.8306760648981, 98.65596788841515, 135.55810562264435, 325.77906623968335, 426.21356149235794, 53.150729063673246, 327.8322741891042, 154.31461369552787, 161.29786111415117, 255.13133872576296, 254.78814729103863, 0.0, 137.05838172107534, 237.01898658124415, 359.4509702309899, 303.29523570277195, 161.0, 246.01829200285087, 306.4718584144391, 191.637678967368], [266.33249895572266, 463.28932644730764, 60.876925020897694, 513.7908134640011, 56.22277118748239, 227.72790781983662, 345.44174617437307, 215.84485168750263, 313.2554867835518, 250.76881783826315, 480.88460154178364, 306.68713699795103, 429.5357959472062, 446.37428241331287, 54.62600113499065, 19.313207915827967, 269.74246977441277, 439.15942435521066, 129.80754985747168, 403.832886228945, 262.1907702418222, 295.8141308321832, 375.5862084794914, 387.6957570054127, 137.05838172107534, 0.0, 363.0110191165001, 321.6364407215078, 300.9601302498389, 288.13885541523206, 370.74249823833253, 253.16002844051033, 205.54804791094466], [146.3488981851247, 107.93516572461452, 309.2005821469293, 354.682957019364, 307.1742176680849, 210.79136604709407, 412.7820248024373, 328.3443314570849, 319.95312156626943, 261.3350340080717, 117.90250209389112, 336.3093813737583, 320.0562450570212, 83.43260753446461, 334.6595284763307, 366.84874267196284, 424.6998940428406, 389.22487073669896, 278.84224930953343, 197.9898987322333, 112.05802068571441, 89.47066558375433, 31.906112267087632, 52.392747589718944, 237.01898658124415, 363.0110191165001, 0.0, 423.08982497810086, 333.24165405903267, 76.05918747922567, 10.816653826391969, 407.6186943701184, 265.1659857523208], [279.06450867138227, 467.48796775959914, 286.81004166521086, 297.4306641891518, 306.88271375233893, 449.8110714511149, 36.87817782917155, 121.06609764917675, 111.5212984142491, 163.29421300217592, 511.9570294468082, 91.28526715741155, 217.1013588165675, 485.7200839990045, 359.86942076258714, 340.90614544182097, 62.68173577685928, 170.69563556224864, 398.24615503479754, 297.5987231155403, 325.92330386150667, 423.1359119715555, 409.78164917428893, 473.212425872356, 359.4509702309899, 321.6364407215078, 423.08982497810086, 0.0, 92.65527507918802, 386.4324002979046, 422.7528828996912, 72.24956747275377, 176.91806012954132], [192.27064258487306, 374.83329627982624, 252.67568145747623, 238.51624682608102, 271.0461215365385, 383.7877017310482, 80.05623023850174, 86.83317338436964, 22.360679774997898, 81.15417426109393, 419.4532155079992, 5.830951894845301, 151.08275877809487, 393.6000508130048, 327.28733553255614, 319.10499839394555, 120.33287165193059, 138.94603268895446, 349.01719155365396, 208.06249061279644, 241.82018112638985, 341.1231449198368, 318.44622779992227, 384.1939614309418, 303.29523570277195, 300.9601302498389, 333.24165405903267, 92.65527507918802, 0.0, 302.49793387724156, 332.29053552576545, 112.75194011634566, 111.68258592994702], [111.30588483993108, 182.33211456021672, 236.07202290826416, 375.985372055882, 232.69078194032525, 146.81961721786362, 382.2800020927069, 279.7373768376332, 293.58644382872995, 223.6000894454204, 193.18902660347973, 306.5697310564107, 324.63672004257313, 158.67577004697347, 258.62714474702767, 291.322844967572, 378.15473023618256, 383.8814921300583, 204.0245083317198, 219.23731434224422, 60.728905802755904, 41.30375285612676, 96.04686356149273, 103.24727599312246, 161.0, 288.13885541523206, 76.05918747922567, 386.4324002979046, 302.49793387724156, 0.0, 85.05292469985967, 359.86942076258714, 215.74522010927612], [147.82760229402356, 97.86214794290998, 316.28468189275304, 346.930828840563, 314.77134558278965, 221.472345903501, 411.5337167231866, 330.22568040659706, 318.4163940503064, 261.8110005328271, 110.72488428533127, 335.19695702676063, 314.35807608521844, 76.55063683601855, 343.32783167113035, 374.95733090579785, 425.9589182069088, 384.5529872462311, 288.51343122981297, 190.9476368012969, 116.76472069936193, 100.17983829094555, 22.47220505424423, 57.07889277132134, 246.01829200285087, 370.74249823833253, 10.816653826391969, 422.7528828996912, 332.29053552576545, 85.05292469985967, 0.0, 409.1210089936717, 267.46962444359923], [261.3446000972662, 467.4109540864441, 224.01785643113362, 347.0864445638867, 244.2396364229197, 402.0572098594925, 104.4030650891055, 80.15609770940699, 135.07405376311175, 150.08331019803634, 507.42487128638066, 115.27792503337315, 261.27571643763605, 478.21334151192394, 294.7168132292421, 272.472016911829, 19.4164878389476, 230.59271454232893, 340.14702703389895, 315.54555930958685, 301.5592810709032, 392.8256610762591, 399.520963154626, 454.6669110458776, 306.4718584144391, 253.16002844051033, 407.6186943701184, 72.24956747275377, 112.75194011634566, 359.86942076258714, 409.1210089936717, 0.0, 144.22205101855957], [120.2538980657176, 334.41441356496586, 150.0133327407934, 308.5271462934826, 166.29191201017565, 275.04545078950133, 182.04395073717774, 64.07027391856539, 116.29703349613007, 45.221676218380054, 370.1351104664349, 117.34138229968147, 224.0200883849482, 339.24622326563934, 222.48145990171855, 221.812984290821, 162.40997506310995, 240.77582935170216, 237.69728648009425, 215.14878572745886, 157.4102919125684, 249.6237168219398, 259.8788179132728, 311.00160771288625, 191.637678967368, 205.54804791094466, 265.1659857523208, 176.91806012954132, 111.68258592994702, 215.74522010927612, 267.46962444359923, 144.22205101855957, 0.0]]
0世代
rank = 0, pop_id = 0, calclation_time:123.28686833381653[sec]
pop_index = 0, scores = 754.9859485517052, rank = 0
0世代評価 : [754.9859485517052, 710.1287445617805, 826.2313669178268, 786.8234336777509, 814.5984755003633, 788.8248603551909, 755.4928722258829, 764.2525173155042, 752.0295021708396, 663.453514005359, 843.2413099260439, 760.6816165791288, 805.0209000640224, 780.7276664382599, 847.404612192435, 777.5029862788514, 793.925021213338, 777.1238401850454, 805.0273103311058, 790.3134002151422, 767.8799032474592, 779.6932765695576, 741.1874360355008, 764.176107496982, 807.1697733026165, 771.3318455307129, 760.8612690828576, 820.630540783701, 765.4839422933062, 792.9446647137697, 750.1658360269088, 758.0233135304122, 770.3743709676261, 730.2319700104943, 782.1812797269263, 824.8018164161463, 755.6430924458995, 871.869332513111, 776.6435093343205, 763.1133444153759, 718.8985439138336, 772.8611686133632, 772.5224446668205, 690.3926238635623, 791.3844527169875, 783.5413697932456, 799.4808706403472, 804.487097804096, 751.4721363755486, 774.3803452042627, 787.8972206972405, 716.8523765908668, 777.5185530022393, 847.2608685182597, 765.0304071239082, 810.1498827467071, 772.4679264206924, 760.5372939033952, 806.3149366614857, 731.3052588431858, 760.1883243420792, 722.3776991986539, 790.9832116559581, 822.1000642569022, 808.2447837320428, 791.397843756191, 768.0337639277608, 752.6584476932886, 765.7753063360972, 786.1192936661516, 729.3383118081581, 848.9248371332018, 846.5947342434553, 846.110351702127, 768.2043111020694, 785.6535035943384]
0世代, new best [1, 0, 0, 1, 0, 0, 1, 1, 1, 1, 1, 1, 1, 0, 1, 0, 1, 1, 1, 0, 1, 0, 1, 1, 0, 0, 0, 1, 0, 1, 1, 0, 1] = 754.9859485517052
拠点利用数 : 20
0世代, new best [1, 0, 1, 1, 1, 0, 0, 0, 1, 0, 0, 1, 1, 1, 1, 1, 1, 0, 1, 0, 1, 1, 1, 1, 0, 0, 1, 1, 0, 1, 0, 1, 0] = 752.0295021708396
拠点利用数 : 20
0世代, new best [1, 0, 0, 1, 0, 1, 1, 0, 1, 1, 1, 1, 1, 1, 1, 1, 1, 1, 1, 1, 0, 0, 1, 0, 0, 0, 0, 0, 1, 0, 1, 0, 1] = 741.1874360355008
拠点利用数 : 20
1世代
rank = 0, pop_id = 0, calclation_time:137.6945071220398[sec]
pop_index = 0, scores = 805.2754046048103, rank = 0
1世代評価 : [805.2754046048103, 758.987316280771, 776.5379949017296, 792.8250467900147, 799.4224159713714, 787.9434418235526, 764.5891527813891, 783.2763208675576, 794.2510924968266, 716.9687953372095, 725.805188495305, 746.7165220955089, 772.8376351503778, 813.4374421786861, 795.8205733141558, 769.8520861130947, 755.1343768573454, 754.2006328514397, 732.0503190112798, 819.432061399034, 764.47668520933, 756.0904654783951, 772.181670625607, 858.8481497232109, 763.5980591261018, 779.5616060011849, 762.9895450630772, 781.6830096059404, 752.9376490864993, 788.6994804950646, 742.2032914462858, 746.5943300038003, 744.2745942202063, 771.3594366924079, 823.9321155596856, 787.8861051460121, 767.1742357780662, 761.6826397552019, 733.3571703585881, 764.9140687515871, 769.8311100037779, 720.1320244028286, 821.5332186591545, 743.2275109160751, 853.994499235111, 722.4536424770832, 707.3626019604255, 745.3087594139344, 773.9793471151486, 721.1651540155866, 777.6826291304693, 791.8402529558986, 729.643658660468, 762.3117887823573, 834.2377440734948, 816.1915983017434, 769.4012869517118, 771.3519295409114, 768.1928479303508, 776.7981669552854, 635.6978484537267, 823.7705966228841, 741.1543421517677, 762.7414243501843, 814.0175654073828, 764.0359298261978, 744.7035103586478, 716.5189502869252, 739.0339273516397, 758.0663195943904, 794.923120552815, 775.7141786271709, 782.2998317268101, 847.819808517222, 740.3028855238915, 761.1098309576478]
2世代
rank = 0, pop_id = 0, calclation_time:105.99852180480957[sec]
pop_index = 0, scores = 727.1422368828128, rank = 0
2世代評価 : [727.1422368828128, 790.0883831862727, 792.0026488105364, 762.1927428158705, 716.6534759759284, 722.8346012264907, 765.625810067707, 819.7966118329889, 800.6745325367735, 808.3289816927575, 805.5236011774948, 762.790469257795, 754.1724104423581, 768.223605172172, 736.429535990989, 754.5248400817525, 788.8593263965216, 705.883975712796, 809.1213809805438, 753.4395780153524, 759.0402407841352, 738.1117197442782, 783.1521063133487, 782.5280465250528, 762.3355078885423, 769.7478007680157, 736.8073443688543, 749.5583076961644, 773.8312607463974, 667.3553933346559, 716.7284331915135, 760.745553166174, 771.8489862747913, 732.1923675437813, 687.1218613520659, 812.6042024973287, 775.9679642516971, 758.8113773719119, 789.7912585660897, 759.8516375496074, 740.4611416832163, 797.657433272858, 815.2231878388144, 722.75714736347, 739.6454601968965, 780.9199228021806, 797.2639997942031, 772.751966442335, 779.0834534434354, 777.4216351129782, 736.8214299930726, 769.8309805521606, 767.4959059265651, 702.825692291416, 843.8824005411195, 758.6336201432724, 749.5043645062889, 735.9942157114273, 841.1648384441087, 806.564497697683, 815.2215019854541, 789.237902336168, 685.8595426794163, 746.3424639203716, 834.2026654655975, 748.3198295333328, 812.1881693576277, 810.6090975502143, 752.9441220388578, 771.8738050961821, 777.7006671893744, 765.5732826576096, 771.4120437967393, 738.4400742800296, 819.619325945037, 835.4941121706718]
2世代, new best [1, 0, 0, 0, 1, 1, 1, 0, 1, 0, 0, 1, 1, 0, 1, 1, 1, 0, 1, 1, 1, 0, 1, 1, 0, 0, 0, 1, 1, 1, 1, 1, 1] = 738.1117197442782
拠点利用数 : 21
3世代
rank = 0, pop_id = 0, calclation_time:143.14203333854675[sec]
pop_index = 0, scores = 824.3672746071525, rank = 0
3世代評価 : [824.3672746071525, 857.1116141655405, 721.1894831235335, 853.3277979394622, 749.587571205703, 775.966222831591, 767.5154527180171, 829.015520339398, 744.0652154537663, 840.566094314496, 763.9309238037877, 787.712941923955, 748.8482825385752, 744.6445880944219, 752.1308666778956, 778.2661316577683, 693.8811768628434, 745.1725102311843, 846.6978158206839, 826.4418554838535, 860.0729075623351, 777.2468623204483, 750.3049722872363, 789.9847625441201, 778.1430192709691, 763.483934276496, 769.4715334422423, 688.2521535441814, 807.3454237168912, 752.0588928461286, 828.0088302898386, 745.9105439628142, 741.1377161534266, 721.1036016527071, 701.0079504630255, 738.0423270567193, 774.4533241647255, 720.9170542772519, 769.0345911809864, 765.9882840327085, 790.0857174620483, 706.0449501537724, 809.0256669757493, 808.5712350060919, 804.2969098534309, 794.2318979485607, 754.1400806027739, 764.1923127509136, 770.2163962459573, 734.0845414896347, 784.7396127780958, 762.9413433229196, 746.5909512836656, 795.4713601563692, 724.6745893347459, 814.9949656936906, 757.0814605427452, 788.8452746893862, 726.9160170589447, 757.667185898116, 846.0986639681805, 793.0296927631422, 704.4649364818565, 824.9042702149595, 824.4068114982767, 748.6352499825424, 797.5211983451268, 826.3229318142758, 799.5832321279092, 723.4715126494309, 749.1754962076885, 770.0237168942704, 748.091222257468, 761.2339031816501, 814.0188157963464, 830.3078783069628]
4世代
rank = 0, pop_id = 0, calclation_time:130.4969983100891[sec]
pop_index = 0, scores = 766.7351607588153, rank = 0
4世代評価 : [766.7351607588153, 770.9684550936875, 805.2950790070812, 734.7605845012522, 774.0667698431866, 689.1190644781515, 791.3079022633184, 761.2265917416667, 775.7975282838912, 853.1803632485146, 728.580831743026, 770.0462591270905, 775.6179407091247, 782.8730016482715, 747.0636032755655, 767.1180871465643, 753.0714845533643, 766.8758040665721, 783.699799487581, 790.7050067227522, 760.774720822277, 705.1069192805971, 726.604652550228, 786.5544672238958, 710.4737529372763, 780.0451649732981, 815.6605918472928, 826.9486504796416, 720.748048093846, 766.6725256867982, 746.3370322610285, 850.880163779767, 772.7314104063778, 755.2649058362218, 753.9041039933804, 745.8408007146897, 746.2621857895506, 778.6494475046353, 736.8197687555833, 755.6272399917211, 756.8839563326013, 745.6215810818313, 738.7376723419594, 755.813838850448, 792.3891244175506, 709.6860909626679, 809.5700915259172, 815.6945726030779, 781.5968402129874, 726.8703058972583, 686.8100064482716, 786.785600498993, 666.6832855239034, 772.5325372505215, 780.1756664280766, 771.7270619340356, 753.9845486418711, 817.3148678428405, 742.7980426323643, 746.4388448698486, 757.6143483570414, 740.8963424350544, 756.7336455467595, 784.0443635682178, 804.5794355399831, 773.929653122366, 788.5185809176294, 850.5874775905065, 753.2481413176212, 782.9853911600907, 728.5864235218409, 810.9658731100839, 784.2317128513492, 755.7732287202857, 766.886309889017, 721.6334412198075]
5世代
rank = 0, pop_id = 0, calclation_time:117.6756579875946[sec]
pop_index = 0, scores = 751.4007506550863, rank = 0
5世代評価 : [751.4007506550863, 764.8608833691197, 801.8300673209243, 771.6525030571773, 710.866954873187, 767.1053199069256, 737.9407715096207, 742.4135945714866, 756.7793854769557, 837.7392986624333, 757.8986999167847, 778.7769080953984, 716.1795244360547, 756.388261673445, 761.6157539200198, 794.1525680745083, 775.1349809374428, 757.047187515482, 742.5496584457734, 751.8792727482977, 811.4708602833927, 706.3327616877672, 828.0040044806577, 759.1272369119464, 769.0285863830874, 781.5427254558543, 788.2767956220845, 720.1090084792309, 768.6538896882689, 801.5789325062105, 848.3804171031281, 739.215772196417, 780.294414265085, 777.170269324494, 806.866180383763, 830.4662281049493, 785.4604402861164, 761.4713458397349, 751.5025982289609, 740.7066861935921, 749.1658268284576, 871.6024482427281, 782.3178303885738, 767.481428471585, 779.6497494553143, 783.2369671328448, 782.4553774900022, 784.7343344692958, 736.356582168285, 710.0338609803097, 799.4815030261134, 763.2837988186936, 746.8187175654027, 807.1027534953486, 776.0766795112703, 730.4322116614443, 758.7904424014877, 782.9729124731274, 730.6360662900072, 763.492347661991, 739.640131671948, 765.1350924971615, 807.7831098527768, 771.8122806615397, 807.1173279858026, 822.5948643378628, 738.7803334190914, 763.6620382504879, 710.8385426167829, 781.995471264714, 772.1811872899523, 810.2834366049847, 764.4405087147769, 748.3524089218192, 741.922182298001, 745.8475934125577]
6世代
rank = 0, pop_id = 0, calclation_time:136.54975986480713[sec]
pop_index = 0, scores = 806.0099545834885, rank = 0
6世代評価 : [806.0099545834885, 734.9216921558069, 816.4280216721963, 738.6635483109566, 760.5542827024121, 784.261903508579, 811.3612344147318, 749.3378110609224, 800.1566370669145, 757.498651861229, 784.8677993350348, 743.1662468017872, 818.2196074682456, 836.6073657717517, 760.1136673534788, 825.041727981292, 739.3170932742837, 773.3841239147522, 808.819460975864, 755.8905428094198, 729.4916571219123, 831.2264602157435, 730.6181106415416, 712.6822954810383, 736.9369340512104, 732.8632713425777, 853.373602943645, 752.6396807540334, 788.158171314978, 719.0719180013251, 763.655151219534, 817.6715086391599, 729.0119766230262, 810.0883699697636, 703.3910294452583, 794.9805695359614, 741.961310375972, 737.7039821578662, 735.2224173779113, 761.9749669300038, 839.8769816421295, 673.0063800911373, 778.3073181597666, 736.060121736412, 768.2422794561893, 736.2404665618252, 772.5139185343179, 838.9169575256517, 863.1883866850272, 783.9251457174857, 737.0920994171522, 795.9480886781896, 804.0961316611218, 764.7973429847558, 825.5435934935371, 739.3202763141028, 726.5353734184987, 722.6910657230411, 758.3867779510157, 816.4556019930051, 724.8601303988495, 775.9706888949644, 762.0206764743651, 762.7942313578886, 727.7249670666516, 746.5574848396831, 707.7645072753262, 756.2007847957101, 750.2104324783076, 723.3484309150489, 795.2841978812991, 818.5684520238146, 794.2148437568554, 736.5332483381155, 716.5767144845593, 719.0121370657587]
7世代
rank = 0, pop_id = 0, calclation_time:118.65411972999573[sec]
pop_index = 0, scores = 744.6119250523252, rank = 0
7世代評価 : [744.6119250523252, 775.9934707061517, 772.9895802386229, 779.0194155489615, 665.8929705970077, 720.5115438952986, 750.5951005134527, 756.0666148799747, 789.4477245573408, 751.5247119698332, 830.2019283582028, 899.4811229081033, 768.2820492347936, 814.9492009626487, 731.6758374147083, 717.5263622638051, 857.9551827733673, 854.0511576422125, 758.6990091090297, 815.70191824115, 760.467447022437, 830.357917336839, 803.583842448841, 819.3066243534585, 847.6538644210174, 771.5726916975705, 759.9993840462939, 761.9842281177579, 710.5598391708312, 760.4648622362666, 795.6037596461393, 894.0532798080577, 735.6177202835228, 756.4675784513179, 792.0065467581453, 720.4116045499709, 785.5957062880221, 739.452294732332, 757.6815932670493, 763.5469455091802, 780.6529360672362, 766.9142630211983, 775.437074184512, 759.477013208716, 728.7441746045484, 762.3973513552799, 765.1560812920065, 743.4522305238913, 804.33439966214, 812.4800397558263, 717.6551492138432, 740.5952168768852, 787.9440063855549, 745.3243201905938, 743.3819652420954, 755.6108823046542, 748.4445981023717, 774.6448350465463, 782.4894466383565, 737.8930852297318, 822.4798219076658, 770.3268799428675, 736.1037786164011, 765.4838299291501, 825.9497233715934, 736.1053865132941, 734.9446409044617, 738.5852586626862, 818.7922611945783, 745.1967268674089, 809.5382527449985, 848.3277466751186, 736.093729792696, 764.8185150099234, 711.2466542338302, 736.4079813502682]
8世代
rank = 0, pop_id = 0, calclation_time:130.6741816997528[sec]
pop_index = 0, scores = 759.5842624088166, rank = 0
8世代評価 : [759.5842624088166, 813.8713086618486, 738.0249917267869, 784.2759840263255, 732.7150992398405, 775.5805216082334, 778.3592643126917, 725.317867817656, 771.8761517399639, 858.3881391822115, 813.7993539320935, 844.5234730669922, 785.629844957102, 730.3027969575647, 801.9041012952393, 714.9266212234443, 787.6697771689514, 779.7034561944284, 769.8386521222386, 776.8860459915859, 697.0401293328333, 775.2130006533059, 767.5765249934578, 792.8998808712062, 838.4870748136066, 717.2345155459997, 764.6831443886281, 772.4393164910252, 751.3944166104327, 718.2901527570882, 834.6061319487878, 735.0523822782286, 766.5533034291492, 743.0057266449838, 773.3909127776694, 778.9320380631242, 775.709274315016, 772.8912973299488, 787.2352350852999, 820.8282413523912, 812.84191895666, 767.8513050108432, 741.3195120317589, 715.3145412066423, 759.9937540092726, 830.923256167682, 741.8454556535611, 783.4255786460102, 740.6694143042496, 836.2465486489383, 697.4144629159968, 745.1473967303192, 801.8789276664573, 820.2440344631977, 753.4158926899406, 792.3799698532932, 754.7120639173664, 695.5072106066611, 711.6241092101949, 778.767109139993, 749.2660742731429, 779.0820939010952, 806.0426107015904, 770.9617882741168, 711.4958344414599, 733.0887098787815, 736.8852374837219, 729.8083201602485, 746.27719923781, 806.8983644690842, 760.6193396913189, 712.3031547663126, 744.7020715290779, 765.8247790703192, 800.0479626337576, 809.9505705546778]
9世代
rank = 0, pop_id = 0, calclation_time:124.78935384750366[sec]
pop_index = 0, scores = 773.5997565033815, rank = 0
9世代評価 : [773.5997565033815, 815.939203373797, 758.4693336206093, 747.8469594867488, 782.134706208045, 768.0803785243002, 765.0834639144622, 805.2811854606836, 765.955520136632, 816.5034467619976, 784.0099497756098, 820.0712300637038, 764.2416658277814, 768.2231100185936, 791.3891217513948, 664.4435500579459, 750.4547135535527, 734.3710900534911, 739.7608006704543, 746.3034872514862, 757.1280312781063, 785.595032383391, 737.909385852463, 777.7967428607124, 800.9357306469739, 796.9525272100757, 746.1054128881392, 714.8737084090284, 734.8816537835752, 787.7537273245186, 808.5861605283229, 828.332191836869, 736.5123485812871, 738.9549359286357, 734.9169283038083, 779.7113346515803, 833.7012221424451, 754.1269915800108, 748.9337032044053, 794.2061580227384, 751.8966077632683, 714.7954319686207, 716.0221073947047, 718.3150223953664, 699.874072905738, 765.8993318502644, 702.6995045422757, 802.3398571813964, 777.3374746142955, 745.2491592507148, 769.6104931180535, 818.6991939228499, 730.7802821949685, 787.5446115829229, 707.4841945577646, 794.4883761119384, 716.1800586933934, 707.7154418133408, 756.2249194537067, 738.1459647125101, 760.665497637486, 760.1651849622848, 772.0579573230107, 792.9537331968316, 761.1271313893773, 700.9750533692423, 758.1237518955066, 801.9390526933286, 788.1907220930394, 737.2236635612177, 774.7994933050729, 824.3181856533291, 722.5406993996777, 818.5183136029036, 798.7878385069134, 721.5651957359985]
10世代
rank = 0, pop_id = 0, calclation_time:111.83166360855103[sec]
pop_index = 0, scores = 712.051301731639, rank = 0
10世代評価 : [712.051301731639, 755.203671836416, 724.8598087914472, 749.6639013017175, 728.9626809936459, 704.9712529053663, 760.832692710849, 773.1769721621619, 825.194035005513, 816.32170203134, 738.2344367395175, 807.7639814180257, 728.6957399439323, 737.4893724433297, 739.730104891583, 849.4233118992437, 807.0594639520244, 715.3899686454846, 777.0060343434063, 738.1165115426462, 743.9906342373248, 803.6206837124516, 774.8216024747296, 726.3622433188267, 719.5879417484047, 686.5027084727335, 725.9263268497739, 798.0730181492778, 801.6012519732286, 709.27038670147, 791.776409578275, 736.1060552847006, 735.7895022299393, 783.2684539075041, 787.979623200768, 779.5984256275806, 744.8235253530555, 767.8711913771932, 822.3351077737543, 746.9351480251365, 719.1209573264323, 781.1692047228381, 793.1243262210007, 702.3354674549724, 829.9823433207592, 758.616373948457, 775.6862064273693, 738.0148034928776, 814.923328761035, 760.4073769207826, 802.657741682207, 849.6879310554234, 745.0023775433376, 772.0088537668338, 706.3396615436493, 789.0398182709109, 765.7609557956822, 816.1767750076244, 764.5927815956607, 774.1708306856194, 755.5495420301771, 774.6477179607484, 732.2386724134956, 660.1945453371709, 691.850020364403, 745.0670042854944, 738.0222451152191, 699.2435115705374, 742.5007522151021, 785.0897719519447, 714.226293370735, 764.5302829633908, 729.7458987634463, 731.5257341966619, 782.2180787617687, 781.0504707840782]
11世代
rank = 0, pop_id = 0, calclation_time:98.72320795059204[sec]
pop_index = 0, scores = 710.3079412529436, rank = 0
