Popularity : [[16, 4], [3, 5], [8, 6], [5, 6], [7, 5], [8, 14], [7, 5], [5, 6], [6, 12], [17, 9], [15, 6], [16, 5], [5, 2], [4, 7], [8, 16], [10, 3], [3, 6], [6, 11], [1, 1], [4, 5], [5, 5], [15, 3], [7, 4], [6, 13], [5, 8], [17, 8], [6, 3], [7, 10], [3, 4], [6, 6], [4, 8], [7, 6], [3, 13]]
Distance : [[0.0, 338.1419820134731, 483.18216026670524, 211.0852908186641, 184.61852561430555, 131.0953851209111, 452.2399805413051, 243.1830586204557, 121.59769734661919, 182.2361105818493, 159.53056133543816, 386.84622267769396, 358.2080401107714, 181.64801127455263, 245.3670719554684, 150.88074761214565, 394.53390221880807, 344.3094538347735, 323.6108774438832, 361.0678606577993, 151.00331122197287, 219.79080963497995, 32.69556544854363, 183.8069639594757, 361.04985805287333, 334.18108863309425, 78.81624198095213, 284.2885857715712, 384.5256818471297, 344.0058139043583, 145.67086187704115, 340.39095170112853, 263.59438537267823], [338.1419820134731, 0.0, 390.03204996512784, 157.30543537970962, 457.96069700357475, 421.34309060431974, 257.0933682536366, 127.47548783981962, 225.96017348196563, 343.8168116890156, 178.7568180517879, 213.19005605327843, 255.54842985234717, 450.8480897153719, 412.51060592425983, 354.1595685563218, 415.7799898985039, 10.63014581273465, 450.45754516935335, 353.8163365363448, 188.66372200293304, 125.60254774486066, 369.5361957914272, 465.15051327500436, 110.47624178980746, 531.1167479942616, 272.1176216271192, 278.5821243367923, 232.03448019637082, 464.06896039274164, 201.15665537088253, 168.31518053936787, 413.01089574005186], [483.18216026670524, 390.03204996512784, 0.0, 468.0598252360482, 442.19113514406865, 450.8713785549045, 156.97770542341354, 461.8062364238924, 389.7088656933532, 323.39604202896487, 403.49597271843993, 177.55280904564702, 145.49914089093448, 434.9126349049887, 316.3700365078842, 360.8794812676387, 147.03060905811415, 382.1884351991829, 273.1245137295442, 133.71985641631537, 396.24361193588976, 426.9203672817684, 495.21914341026843, 454.686705325766, 281.93970986719836, 377.58442764499705, 479.26297582851106, 198.97989848223364, 158.00316452527144, 267.36678926149375, 379.3006722904667, 223.57325421436258, 296.9393877544709], [211.0852908186641, 157.30543537970962, 468.0598252360482, 0.0, 371.2371209887287, 323.8904135660702, 370.87194555533586, 34.132096331752024, 138.06158046321215, 293.429719012918, 86.37708029332781, 310.9614123971011, 322.56782232578627, 365.65694304908254, 370.93665227367325, 286.54144551879403, 443.02821580572044, 166.76930173146374, 431.723291009415, 387.6248186068586, 100.46392387319938, 42.720018726587654, 243.74166652421167, 374.89731927555846, 233.3452377915607, 485.64390246352315, 133.8992158304148, 298.1358750637031, 321.5478191498117, 449.721024636385, 124.42266674525185, 256.1347301714471, 379.74860105074777], [184.61852561430555, 457.96069700357475, 442.19113514406865, 371.2371209887287, 0.0, 53.75872022286245, 473.77737387933587, 397.88691860879266, 239.80408670412604, 135.00370365289984, 294.7032405658275, 417.02997494184996, 362.5589607222527, 8.0, 128.70508925446578, 108.4665847162157, 312.37317426437244, 460.6788469204984, 198.31288409984865, 308.5741401997257, 281.0160137785746, 364.1977484828812, 162.5207679036744, 12.529964086141668, 437.35226076927967, 163.08586695357755, 255.24889813670106, 272.13232075591463, 404.71224345206065, 216.14809737770074, 261.83964558485025, 389.16577444580093, 150.20652449211386], [131.0953851209111, 421.34309060431974, 450.8713785549045, 323.8904135660702, 53.75872022286245, 0.0, 464.2079275497134, 352.05113264978996, 197.76754030932378, 128.94960255851896, 251.4358765172544, 403.9009779636588, 355.64729719203547, 51.78802950489621, 152.63354808167173, 93.30058949438637, 331.6941362158819, 424.976469936866, 229.83907413666634, 317.855312996338, 238.40302011509837, 320.3404439030451, 108.90821823902914, 53.0, 411.80699362686886, 212.19095173922943, 203.43549346168678, 266.89698387205505, 394.2004566207401, 249.24285345822858, 221.38202275704322, 370.1351104664349, 174.40183485273312], [452.2399805413051, 257.0933682536366, 156.97770542341354, 370.87194555533586, 473.77737387933587, 464.2079275497134, 0.0, 355.2365409132343, 336.98219537536403, 339.365584583941, 329.02431521089744, 65.73431371817918, 112.01785571952357, 465.8079003194343, 367.39624385668395, 371.553495475416, 256.3201123595259, 247.64894508154077, 356.4393356519451, 206.0218435020908, 327.0244639166923, 328.18439938546743, 473.3962399512696, 485.28136168618715, 147.36349615830918, 461.86145108679506, 423.01891210677564, 202.12125073826354, 70.09279563550022, 359.2005011132362, 318.20905078265764, 118.10588469674151, 354.26684857604164], [243.1830586204557, 127.47548783981962, 461.8062364238924, 34.132096331752024, 397.88691860879266, 352.05113264978996, 355.2365409132343, 0.0, 160.31219541881399, 312.1281787983905, 105.60303025955268, 298.10736320996836, 316.7412192942371, 391.9923468640683, 389.0, 308.6373276193273, 447.7019097569274, 137.43725841270262, 445.8632077218303, 390.1845717093386, 120.0, 40.52159917870962, 275.87859648765794, 402.19025348707794, 213.03755537463343, 505.5145893047994, 166.97904060090895, 302.0364216448076, 310.7442678473732, 463.14792453383615, 142.8355697996826, 244.00819658363937, 396.2473974677941], [121.59769734661919, 225.96017348196563, 389.7088656933532, 138.06158046321215, 239.80408670412604, 197.76754030932378, 336.98219537536403, 160.31219541881399, 0.0, 156.37135287513502, 55.17245689653489, 271.2489631316588, 252.79438284898657, 233.4823333787805, 233.98504225697846, 148.69095466772686, 330.4557459025338, 230.6534196581529, 298.8812473207377, 283.3513719747974, 41.23105625617661, 124.65151423067431, 149.4824404403407, 245.20399670478457, 239.459808736247, 347.65068675324085, 89.81091247727082, 195.65786465153911, 271.9007171744863, 317.79553174958266, 25.179356624028344, 221.8828519737386, 244.24577785501228], [182.2361105818493, 343.8168116890156, 323.39604202896487, 293.429719012918, 135.00370365289984, 128.94960255851896, 339.365584583941, 312.1281787983905, 156.37135287513502, 0.0, 207.53794833716555, 282.02836736753983, 228.8864347225497, 127.00393694685216, 77.62087348130012, 37.64306044943742, 215.23243250030885, 344.67520943636197, 147.03060905811415, 191.80198122021577, 193.20455481173315, 273.2068813189009, 183.33848477611022, 146.16771189288008, 307.7027786679867, 193.60010330575756, 217.00230413523263, 138.97481786280562, 269.9814808463721, 167.0029939851379, 169.59363195591985, 255.47602627252522, 89.10667763978185], [159.53056133543816, 178.7568180517879, 403.49597271843993, 86.37708029332781, 294.7032405658275, 251.4358765172544, 329.02431521089744, 105.60303025955268, 55.17245689653489, 207.53794833716555, 0.0, 264.4617174564213, 260.2249027283899, 288.47530223573733, 284.8876971720611, 203.03940504246953, 362.86223281019477, 184.78365728602733, 345.48806057518107, 310.3868553917836, 14.422205101855956, 69.52697318307479, 190.77997798511248, 299.8216136305053, 212.32286735064596, 400.4509957535379, 100.56838469419701, 220.47675614449702, 269.77397947170516, 363.6289317422364, 38.07886552931954, 210.95023109728987, 293.40074982862603], [386.84622267769396, 213.19005605327843, 177.55280904564702, 310.9614123971011, 417.02997494184996, 403.9009779636588, 65.73431371817918, 298.10736320996836, 271.2489631316588, 282.02836736753983, 264.4617174564213, 0.0, 68.5054742338158, 409.0305612053945, 318.34729463276426, 312.2579062249665, 237.0590643700426, 205.00975586542216, 318.86360720533787, 178.54971296532514, 261.9389241789009, 268.28715958837836, 408.49602201245483, 428.1413318052813, 104.38869670610895, 420.9714954720806, 357.49405589464004, 149.83324063771698, 23.021728866442675, 324.8538132760642, 252.6064132202506, 54.91812087098393, 307.688153818115], [358.2080401107714, 255.54842985234717, 145.49914089093448, 322.56782232578627, 362.5589607222527, 355.64729719203547, 112.01785571952357, 316.7412192942371, 252.79438284898657, 228.8864347225497, 260.2249027283899, 68.5054742338158, 0.0, 354.61669447447053, 255.76551761330143, 262.43475379606264, 171.20747647226156, 249.14654322305978, 251.01593574910737, 111.03603018840326, 254.09643838511394, 281.4551474036316, 375.66474415361364, 374.22185932946246, 156.58863304850706, 354.2315626818141, 342.4280946417802, 90.44888059008801, 47.92702786528704, 256.51705596314645, 239.20075250717753, 88.23264701911646, 243.38652386687312], [181.64801127455263, 450.8480897153719, 434.9126349049887, 365.65694304908254, 8.0, 51.78802950489621, 465.8079003194343, 391.9923468640683, 233.4823333787805, 127.00393694685216, 288.47530223573733, 409.0305612053945, 354.61669447447053, 0.0, 122.20065466273084, 100.66280345788111, 305.8512710452582, 453.48539116491946, 193.08029417835473, 301.2540456159884, 274.71075697904513, 357.99441336423115, 160.63934760823702, 19.924858845171276, 429.563732174866, 162.00308639035245, 251.07767722360344, 264.1968962724581, 396.72660611559695, 211.20606051910536, 255.2802381697416, 381.2112275366506, 143.8401890988746], [245.3670719554684, 412.51060592425983, 316.3700365078842, 370.93665227367325, 128.70508925446578, 152.63354808167173, 367.39624385668395, 389.0, 233.98504225697846, 77.62087348130012, 284.8876971720611, 318.34729463276426, 255.76551761330143, 122.20065466273084, 0.0, 96.0, 183.6736235827017, 412.3226891646881, 79.37883848986453, 183.92661580097646, 270.60118255469615, 349.6927222576987, 238.73835050112916, 141.1736519326464, 363.29602254910526, 118.92854997854805, 290.55292116927683, 168.5734261382855, 302.00165562460086, 99.62429422585637, 246.86230980042296, 303.2441260766645, 21.93171219946131], [150.88074761214565, 354.1595685563218, 360.8794812676387, 286.54144551879403, 108.4665847162157, 93.30058949438637, 371.553495475416, 308.6373276193273, 148.69095466772686, 37.64306044943742, 203.03940504246953, 312.2579062249665, 262.43475379606264, 100.66280345788111, 96.0, 0.0, 251.60286166894048, 356.10391741737413, 172.96531444194238, 229.44498251214821, 188.66107176627614, 271.4940146669904, 148.49915824677257, 118.2285921425101, 328.9012009707474, 200.63897926375125, 195.3176899310454, 173.62315513778685, 301.6836091006603, 193.3416664870767, 166.50825805346713, 281.5759222660915, 113.0], [394.53390221880807, 415.7799898985039, 147.03060905811415, 443.02821580572044, 312.37317426437244, 331.6941362158819, 256.3201123595259, 447.7019097569274, 330.4557459025338, 215.23243250030885, 362.86223281019477, 237.0590643700426, 171.20747647226156, 305.8512710452582, 183.6736235827017, 251.60286166894048, 0.0, 411.0012165432117, 127.81627439414747, 62.16912416947821, 351.55227207344285, 407.962008035062, 398.3616447400528, 324.82918588082566, 325.8588651548397, 230.70327262524907, 412.82562904936026, 145.67429423202984, 214.3105223734943, 120.50311199301038, 329.4373992126577, 256.0488234692751, 162.24980739587951], [344.3094538347735, 10.63014581273465, 382.1884351991829, 166.76930173146374, 460.6788469204984, 424.976469936866, 247.64894508154077, 137.43725841270262, 230.6534196581529, 344.67520943636197, 184.78365728602733, 205.00975586542216, 249.14654322305978, 453.48539116491946, 412.3226891646881, 356.10391741737413, 411.0012165432117, 0.0, 448.54542690791084, 348.9312253152475, 194.17775361765828, 133.9589489358587, 375.4703716673261, 468.0940076523091, 101.59724405711013, 530.6995383453805, 279.45840477609545, 275.2834902423318, 224.26992665089986, 461.8062364238924, 205.6817930688081, 161.4465855941215, 412.25841410455166], [323.6108774438832, 450.45754516935335, 273.1245137295442, 431.723291009415, 198.31288409984865, 229.83907413666634, 356.4393356519451, 445.8632077218303, 298.8812473207377, 147.03060905811415, 345.48806057518107, 318.86360720533787, 251.01593574910737, 193.08029417835473, 79.37883848986453, 172.96531444194238, 127.81627439414747, 448.54542690791084, 0.0, 153.05554547287727, 331.7257903751229, 405.56133938037044, 318.0015723231569, 210.1547049199708, 383.98567681620625, 106.7941945987702, 364.0219773585106, 178.99720668211557, 298.9314302645341, 20.396078054371138, 307.688153818115, 317.40510392871755, 60.01666435249463], [361.0678606577993, 353.8163365363448, 133.71985641631537, 387.6248186068586, 308.5741401997257, 317.855312996338, 206.0218435020908, 390.1845717093386, 283.3513719747974, 191.80198122021577, 310.3868553917836, 178.54971296532514, 111.03603018840326, 301.2540456159884, 183.92661580097646, 229.44498251214821, 62.16912416947821, 348.9312253152475, 153.05554547287727, 0.0, 300.0599940011997, 351.00142449853394, 369.43334987518386, 321.05606986942325, 264.0700664596425, 259.7941492797711, 369.4996617048519, 89.94442728707543, 156.33937443907084, 153.73353570382747, 279.15945264310864, 194.1957775030137, 165.5294535724685], [151.00331122197287, 188.66372200293304, 396.24361193588976, 100.46392387319938, 281.0160137785746, 238.40302011509837, 327.0244639166923, 120.0, 41.23105625617661, 193.20455481173315, 14.422205101855956, 261.9389241789009, 254.09643838511394, 274.71075697904513, 270.60118255469615, 188.66107176627614, 351.55227207344285, 194.17775361765828, 331.7257903751229, 300.0599940011997, 0.0, 83.48652585896721, 181.54062906137568, 286.32324390450736, 215.3903433304288, 386.0479244860669, 97.94896630388705, 210.3188056261256, 266.05638500137525, 349.9857139941572, 24.041630560342615, 209.27493877672023, 279.29196193231195], [219.79080963497995, 125.60254774486066, 426.9203672817684, 42.720018726587654, 364.1977484828812, 320.3404439030451, 328.18439938546743, 40.52159917870962, 124.65151423067431, 273.2068813189009, 69.52697318307479, 268.28715958837836, 281.4551474036316, 357.99441336423115, 349.6927222576987, 271.4940146669904, 407.962008035062, 133.9589489358587, 405.56133938037044, 351.00142449853394, 83.48652585896721, 0.0, 252.20031720836514, 369.2004875403065, 191.84629264074925, 466.7815334822062, 148.48568954616468, 262.37377917772193, 279.1128803907122, 422.7528828996912, 104.9952379872535, 213.49004660639335, 356.45196029759745], [32.69556544854363, 369.5361957914272, 495.21914341026843, 243.74166652421167, 162.5207679036744, 108.90821823902914, 473.3962399512696, 275.87859648765794, 149.4824404403407, 183.33848477611022, 190.77997798511248, 408.49602201245483, 375.66474415361364, 160.63934760823702, 238.73835050112916, 148.49915824677257, 398.3616447400528, 375.4703716673261, 318.0015723231569, 369.43334987518386, 181.54062906137568, 252.20031720836514, 0.0, 160.0312469488381, 388.35550723531657, 318.4022612985027, 110.98198051936178, 297.4306641891518, 404.7283039274619, 338.3208536286228, 174.23260314877925, 363.9793950212017, 258.3737602776257], [183.8069639594757, 465.15051327500436, 454.686705325766, 374.89731927555846, 12.529964086141668, 53.0, 485.28136168618715, 402.19025348707794, 245.20399670478457, 146.16771189288008, 299.8216136305053, 428.1413318052813, 374.22185932946246, 19.924858845171276, 141.1736519326464, 118.2285921425101, 324.82918588082566, 468.0940076523091, 210.1547049199708, 321.05606986942325, 286.32324390450736, 369.2004875403065, 160.0312469488381, 0.0, 446.78630238627505, 171.04970037974343, 256.33766793040775, 283.83269720030495, 416.08292442733097, 227.7827912727386, 267.75548547135315, 399.5359808577946, 162.63148526653748], [361.04985805287333, 110.47624178980746, 281.93970986719836, 233.3452377915607, 437.35226076927967, 411.80699362686886, 147.36349615830918, 213.03755537463343, 239.459808736247, 307.7027786679867, 212.32286735064596, 104.38869670610895, 156.58863304850706, 429.563732174866, 363.29602254910526, 328.9012009707474, 325.8588651548397, 101.59724405711013, 383.98567681620625, 264.0700664596425, 215.3903433304288, 191.84629264074925, 388.35550723531657, 446.78630238627505, 0.0, 477.07441767506253, 312.712327867003, 205.0, 124.95199078045935, 394.1941146186736, 215.64090521049107, 69.8927750200262, 358.286198450345], [334.18108863309425, 531.1167479942616, 377.58442764499705, 485.64390246352315, 163.08586695357755, 212.19095173922943, 461.86145108679506, 505.5145893047994, 347.65068675324085, 193.60010330575756, 400.4509957535379, 420.9714954720806, 354.2315626818141, 162.00308639035245, 118.92854997854805, 200.63897926375125, 230.70327262524907, 530.6995383453805, 106.7941945987702, 259.7941492797711, 386.0479244860669, 466.7815334822062, 318.4022612985027, 171.04970037974343, 477.07441767506253, 0.0, 392.7200020370748, 275.0727176584403, 402.06094065452316, 110.22250223978767, 362.74095440134687, 413.67257583746107, 119.20151005754919], [78.81624198095213, 272.1176216271192, 479.26297582851106, 133.8992158304148, 255.24889813670106, 203.43549346168678, 423.01891210677564, 166.97904060090895, 89.81091247727082, 217.00230413523263, 100.56838469419701, 357.49405589464004, 342.4280946417802, 251.07767722360344, 290.55292116927683, 195.3176899310454, 412.82562904936026, 279.45840477609545, 364.0219773585106, 369.4996617048519, 97.94896630388705, 148.48568954616468, 110.98198051936178, 256.33766793040775, 312.712327867003, 392.7200020370748, 0.0, 283.6476687723698, 359.7554725087584, 384.0, 104.9952379872535, 305.9836596944353, 305.3686296920494], [284.2885857715712, 278.5821243367923, 198.97989848223364, 298.1358750637031, 272.13232075591463, 266.89698387205505, 202.12125073826354, 302.0364216448076, 195.65786465153911, 138.97481786280562, 220.47675614449702, 149.83324063771698, 90.44888059008801, 264.1968962724581, 168.5734261382855, 173.62315513778685, 145.67429423202984, 275.2834902423318, 178.99720668211557, 89.94442728707543, 210.3188056261256, 262.37377917772193, 297.4306641891518, 283.83269720030495, 205.0, 275.0727176584403, 283.6476687723698, 0.0, 134.3726162579266, 189.50461735799473, 189.84203960134857, 138.97481786280562, 158.826949854236], [384.5256818471297, 232.03448019637082, 158.00316452527144, 321.5478191498117, 404.71224345206065, 394.2004566207401, 70.09279563550022, 310.7442678473732, 271.9007171744863, 269.9814808463721, 269.77397947170516, 23.021728866442675, 47.92702786528704, 396.72660611559695, 302.00165562460086, 301.6836091006603, 214.3105223734943, 224.26992665089986, 298.9314302645341, 156.33937443907084, 266.05638500137525, 279.1128803907122, 404.7283039274619, 416.08292442733097, 124.95199078045935, 402.06094065452316, 359.7554725087584, 134.3726162579266, 0.0, 304.2367499169027, 254.80973293812778, 67.1863081289633, 290.3687310989253], [344.0058139043583, 464.06896039274164, 267.36678926149375, 449.721024636385, 216.14809737770074, 249.24285345822858, 359.2005011132362, 463.14792453383615, 317.79553174958266, 167.0029939851379, 363.6289317422364, 324.8538132760642, 256.51705596314645, 211.20606051910536, 99.62429422585637, 193.3416664870767, 120.50311199301038, 461.8062364238924, 20.396078054371138, 153.73353570382747, 349.9857139941572, 422.7528828996912, 338.3208536286228, 227.7827912727386, 394.1941146186736, 110.22250223978767, 384.0, 189.50461735799473, 304.2367499169027, 0.0, 325.9693237100694, 326.6221058042459, 80.4114419718985], [145.67086187704115, 201.15665537088253, 379.3006722904667, 124.42266674525185, 261.83964558485025, 221.38202275704322, 318.20905078265764, 142.8355697996826, 25.179356624028344, 169.59363195591985, 38.07886552931954, 252.6064132202506, 239.20075250717753, 255.2802381697416, 246.86230980042296, 166.50825805346713, 329.4373992126577, 205.6817930688081, 307.688153818115, 279.15945264310864, 24.041630560342615, 104.9952379872535, 174.23260314877925, 267.75548547135315, 215.64090521049107, 362.74095440134687, 104.9952379872535, 189.84203960134857, 254.80973293812778, 325.9693237100694, 0.0, 201.71762441591463, 255.3311575190149], [340.39095170112853, 168.31518053936787, 223.57325421436258, 256.1347301714471, 389.16577444580093, 370.1351104664349, 118.10588469674151, 244.00819658363937, 221.8828519737386, 255.47602627252522, 210.95023109728987, 54.91812087098393, 88.23264701911646, 381.2112275366506, 303.2441260766645, 281.5759222660915, 256.0488234692751, 161.4465855941215, 317.40510392871755, 194.1957775030137, 209.27493877672023, 213.49004660639335, 363.9793950212017, 399.5359808577946, 69.8927750200262, 413.67257583746107, 305.9836596944353, 138.97481786280562, 67.1863081289633, 326.6221058042459, 201.71762441591463, 0.0, 296.0675598575433], [263.59438537267823, 413.01089574005186, 296.9393877544709, 379.74860105074777, 150.20652449211386, 174.40183485273312, 354.26684857604164, 396.2473974677941, 244.24577785501228, 89.10667763978185, 293.40074982862603, 307.688153818115, 243.38652386687312, 143.8401890988746, 21.93171219946131, 113.0, 162.24980739587951, 412.25841410455166, 60.01666435249463, 165.5294535724685, 279.29196193231195, 356.45196029759745, 258.3737602776257, 162.63148526653748, 358.286198450345, 119.20151005754919, 305.3686296920494, 158.826949854236, 290.3687310989253, 80.4114419718985, 255.3311575190149, 296.0675598575433, 0.0]]
0世代
rank = 0, pop_id = 0, calclation_time:131.63979387283325[sec]
pop_index = 0, scores = 66.74019361003201, rank = 0
0世代評価 : [66.74019361003201, 79.56391211251257, 85.05850316419608, 83.10172525837777, 88.90343004275842, 71.33740119706646, 88.24012851871359, 76.36411572310499, 79.25985697816716, 101.1398186025293, 89.7626189713326, 62.33999659025561, 89.25177391781729, 89.6155098584772, 81.79571247810284, 63.03492327214819, 78.33016714462207, 98.61987179227336, 88.10952831697148, 81.12134241175764, 68.28718539109468, 76.33213614163375, 63.151626235467106, 93.93518397744658, 69.23114360163767, 91.72941570449856, 76.26953169622644, 79.99578575648626, 87.67475876554104, 64.68906510237692, 77.73655205812906, 82.64738572647703, 72.28252948445648, 71.9389330715047, 98.54030668907068, 93.14286202990878, 89.71434958688477, 60.44311203245332, 92.31592013620835, 98.47653292669062, 102.61525883872964, 67.26503381485979, 56.38311982793027, 98.71754983629683, 102.72796790058288, 81.28291781437498, 66.53386079668084, 67.68938400868194, 91.66499389888827, 95.15439442189515, 80.30288989217071, 96.02855226995791, 72.8279073273928, 94.77720263887875, 97.5599905602031, 77.63884638837578, 69.34526971974489, 86.52399495642702, 63.62634714958459, 99.32642783404702, 75.71258791028346, 63.95244616463338, 49.016663720121606, 68.0895697088255, 85.80946094760215, 65.1185754147232, 98.4788575093908, 68.82672745207091, 94.40303096150082, 93.8485421433006, 67.22048999164465, 85.56203617758773, 120.60736301910352, 90.62586787115303, 102.15488001393808, 78.3018629860063]
0世代, new best [1, 0, 1, 1, 1, 1, 1, 0, 0, 1, 1, 1, 1, 1, 1, 0, 1, 0, 0, 1, 1, 1, 1, 1, 0, 1, 1, 0, 0, 0, 0, 0, 1] = 66.74019361003201
拠点利用数 : 21
0世代, new best [1, 0, 1, 1, 0, 1, 0, 1, 1, 0, 1, 0, 1, 1, 0, 1, 0, 0, 0, 1, 1, 1, 1, 1, 0, 1, 1, 0, 1, 1, 1, 0, 1] = 62.33999659025561
拠点利用数 : 21
0世代, new best [1, 1, 1, 1, 1, 1, 0, 0, 1, 1, 1, 1, 1, 0, 0, 1, 0, 1, 1, 1, 0, 0, 1, 0, 0, 1, 1, 1, 0, 0, 1, 0, 1] = 60.44311203245332
拠点利用数 : 21
0世代, new best [1, 1, 0, 1, 0, 1, 0, 0, 1, 1, 1, 1, 1, 1, 1, 1, 1, 1, 1, 1, 0, 1, 0, 0, 1, 1, 1, 1, 0, 1, 0, 1, 1] = 56.38311982793027
拠点利用数 : 24
0世代, new best [1, 1, 1, 1, 0, 1, 0, 1, 1, 1, 1, 1, 0, 1, 0, 1, 1, 0, 1, 1, 0, 1, 1, 1, 1, 1, 1, 1, 0, 0, 1, 0, 1] = 49.016663720121606
拠点利用数 : 24
1世代
rank = 0, pop_id = 0, calclation_time:106.45748949050903[sec]
pop_index = 0, scores = 70.06182702830785, rank = 0
1世代評価 : [70.06182702830785, 70.7193273865331, 54.352766878580354, 73.90707066130595, 74.04550257288207, 103.64647416230954, 101.5256071193497, 88.06915190009919, 86.9707238719887, 98.05815605856625, 99.03704637136066, 98.51822579132525, 79.53160866302282, 90.67059116206575, 71.30077782800448, 95.52977310772742, 94.47551630376925, 81.28234209442472, 77.9315051932446, 101.9231103307268, 66.41559216893067, 68.13567165394022, 74.26462490357304, 97.96509647843907, 78.15855957074591, 81.5506447551108, 92.84105088205119, 72.59618198053045, 78.61281039141448, 79.63067123406695, 96.34399094331155, 85.77034155332406, 100.95835620350796, 72.18905745332012, 54.69598371466301, 70.31640924561727, 93.55638736787577, 88.98669668867272, 65.1066263650194, 99.23085544063574, 90.64419004161046, 88.20089569309835, 66.43219132970111, 65.1375612712714, 87.4999768401188, 81.25266172702047, 95.6920436048768, 84.60854848959386, 82.26978500089227, 88.4944850856074, 82.28161347003014, 103.48085037329717, 66.90228518811296, 70.41760995599498, 68.79582995684703, 66.46724764176126, 99.8702097356965, 102.05576090456844, 90.96295280170959, 67.93456429752025, 91.06404054724446, 65.11830116733765, 83.60090307322065, 92.71551920381373, 88.38746020447225, 77.17372049628743, 97.07185019612534, 74.59576511366626, 97.6210640394876, 101.07037441975545, 69.48446827977094, 69.41852817513681, 72.86732442422306, 55.453872898690534, 91.0726414780985, 77.8982217719358]
2世代
rank = 0, pop_id = 0, calclation_time:131.91224336624146[sec]
pop_index = 0, scores = 96.05565989620587, rank = 0
2世代評価 : [96.05565989620587, 98.46780988622493, 79.16994949890339, 81.64479657268895, 92.94312428366898, 95.4653225441955, 80.06198413216805, 91.84660468996132, 69.00080029831555, 92.44182302071091, 106.10511267603958, 66.74631168608569, 87.76193790423167, 79.11325735273134, 81.95343330684359, 72.74756240376867, 65.5645852199559, 73.29605372015519, 70.91291597457732, 70.72656920904494, 79.4005509541207, 97.79200237911954, 72.18901418685186, 69.05192013313739, 128.39005936942675, 71.64160882657177, 68.41666989103567, 76.54598342982574, 72.86363487968572, 90.4767022935345, 58.336091803449115, 107.89026147346277, 74.24993253294295, 97.6845954233813, 100.72937426407402, 93.18324162888425, 60.93530080748361, 64.66339818042057, 95.83250214006013, 99.84175189182167, 45.52948302041647, 96.4884018560207, 76.81200837123103, 85.44046649647818, 96.75875010404948, 73.4521179047752, 73.29346387321866, 65.28356204211984, 67.40385776505876, 68.37511997057885, 68.81363286829422, 81.15307491830525, 73.0925189295764, 81.26901940498091, 95.82985867117716, 93.56991624933248, 93.96685840667914, 83.46354135541021, 73.21933602026222, 73.83738566218273, 68.90983178617407, 68.87767252089819, 71.60697253901581, 88.67387623921572, 79.96701980346829, 89.02913219699184, 82.70815122883351, 87.00569433883913, 100.03598706163379, 103.03163357341194, 61.89035695875449, 105.3749874794237, 95.74275294206485, 103.5606196467392, 99.9618334529909, 66.73304790258449]
3世代
rank = 0, pop_id = 0, calclation_time:146.0059564113617[sec]
pop_index = 0, scores = 91.73315654836165, rank = 0
3世代評価 : [91.73315654836165, 94.81981321321884, 96.37664131713746, 80.71780837246389, 60.19355015062937, 69.11894565295285, 88.58194959048193, 53.63622033253134, 93.70644937153561, 79.67299117766142, 70.76877687439122, 88.82345051676576, 99.97016446247926, 95.3975067556349, 71.09272033515744, 69.10296659409151, 120.80654978172042, 81.33475896424777, 72.01986556758924, 65.19828083858579, 79.2883310494263, 90.82383887586874, 72.53067949465382, 64.4337246547897, 62.1092876494225, 74.79696730262677, 64.70207028668084, 71.77825561560014, 63.61987171629967, 73.59398357579977, 97.80820239522407, 99.46732588879433, 78.46703443525334, 79.8397458895727, 102.21670750841866, 62.367703635738366, 103.49337990009093, 99.96458776107677, 64.1193128167795, 78.8455074540315, 80.22696832030044, 57.71645803960893, 93.40978113318218, 65.088813817646, 75.47561824006165, 110.03871293719041, 70.81487611168933, 97.08162991697414, 90.56661232286932, 84.32249867366077, 82.51396964856008, 103.75411702766034, 101.35638772786517, 74.28325845836608, 95.8866212921967, 68.65663335416204, 70.29111574278568, 86.37884097658463, 68.10626210782323, 79.36525833256955, 73.23200024478892, 81.24922754703876, 57.101138065553364, 95.63213135434876, 80.7430215522224, 100.70078754734298, 65.06705633559639, 85.76711152816283, 89.97480669794855, 95.90792670892417, 72.54122001992532, 60.24376301909638, 86.1177826073789, 55.14328470375501, 64.7294516385574, 71.2391034510732]
4世代
rank = 0, pop_id = 0, calclation_time:125.39290595054626[sec]
pop_index = 0, scores = 76.77964541405709, rank = 0
4世代評価 : [76.77964541405709, 87.55070367560435, 78.06733776028153, 75.87598821779737, 88.56379168960754, 80.66159440617307, 80.17267329086843, 75.18769653512618, 63.16712053767247, 74.07614749972136, 81.5833299588865, 78.60232067156358, 87.12056956540113, 71.8176781563839, 78.64594186486029, 74.55733153820918, 57.79351352949676, 107.12717507472823, 64.2196940593976, 95.66403776522802, 68.12964266696883, 79.92944386376074, 94.75398352148184, 106.66670087333328, 66.88852882746792, 108.21435721597017, 96.77890696842228, 68.15250523757105, 84.98405206074997, 92.94457504085301, 61.610991770115426, 99.23038941222714, 93.50834797071693, 51.82723574668947, 93.10042875286308, 56.36727238832131, 92.92037182290989, 85.03149952237997, 69.77215601853112, 84.82848724807295, 83.49124991876229, 88.07719494413098, 64.69123246303617, 68.15402202680606, 91.98185859513794, 96.46407453106694, 66.11479853161272, 77.58525264635325, 85.76508794443893, 90.44027955553626, 73.53281998397132, 78.98518583707235, 76.47547752607245, 65.8604406111246, 58.200682776952256, 100.5379307936129, 62.528928302462944, 89.63469401369578, 64.25777717476608, 72.04552896952389, 97.60162951417848, 80.85044432684869, 103.57193464961115, 67.05577227702834, 75.00569901785538, 62.1815734080578, 90.17250962946503, 75.7017871202933, 103.00211351794185, 100.2381918960902, 68.52274225036058, 71.76994407655857, 90.43864219143161, 85.72310656499077, 122.26024089217282, 107.1514092094788]
5世代
rank = 0, pop_id = 0, calclation_time:139.01238989830017[sec]
pop_index = 0, scores = 78.55781928721389, rank = 0
5世代評価 : [78.55781928721389, 82.92181841054133, 77.17178118775544, 77.66844433197637, 91.70606052705426, 104.09215635804867, 75.56419068041643, 77.20208831796901, 73.66366829528255, 72.05243620467023, 60.11429468435677, 97.61206512795442, 79.41117190634792, 97.14781093067481, 79.27868072297484, 56.51679445470813, 74.87112697389077, 73.34264323481479, 72.77446409769047, 87.41496807986515, 91.65941541357257, 71.82970198059182, 64.85399477612425, 71.30792568908234, 101.86459324051894, 86.40320462441983, 75.64003581427787, 98.79911743613485, 67.06370433386827, 100.14470875771977, 96.57772188222106, 97.35477498230348, 65.08564679814761, 93.39488167877633, 100.48981663451112, 81.70452560723727, 71.33565839027517, 77.91305105870123, 67.8764049697409, 63.311515000132374, 61.80211469664366, 71.46793818973339, 106.0648247218099, 82.58823122243126, 71.99822103579156, 105.9116485288645, 76.02439724529205, 97.0122629951617, 56.339392989627335, 99.29611040366568, 76.65434574122163, 66.32308317539353, 91.37214113809516, 69.30655019863896, 82.89642197235332, 72.00048787311218, 82.57619686355048, 84.63564655266842, 84.65896227296629, 73.73949631043958, 67.46116532105796, 83.11999994635917, 108.65553365477086, 67.85370545384362, 75.25885907054005, 81.49069009165709, 76.36070246155371, 72.89391574097098, 82.3265006176188, 69.9811996116701, 100.02007591068958, 83.55073040848991, 103.13898133366409, 55.67038983493541, 61.00485800949322, 73.93143653854787]
6世代
rank = 0, pop_id = 0, calclation_time:106.62294626235962[sec]
pop_index = 0, scores = 66.41370392063307, rank = 0
6世代評価 : [66.41370392063307, 73.36159868174717, 86.029895838114, 70.81162540872518, 81.71899244292288, 77.58912469446098, 90.42715184873214, 63.78637519288479, 85.19455551337468, 90.12630747854446, 86.2987615408912, 73.86029606591399, 73.62996653540966, 76.15963404669618, 72.98517656828338, 62.70664956085768, 86.50990612824928, 72.19207116373678, 101.08851388100236, 101.1036398425469, 125.41278914692855, 77.17915382031966, 79.18112984031193, 92.14752419974006, 97.01167967066345, 89.22735052042523, 114.91405048981424, 111.51999131555422, 88.0473790150916, 90.95621189637711, 95.02900328992995, 59.49441965987968, 84.81466525779207, 83.23462366658472, 68.08519897183808, 68.15804375581398, 75.92211966797348, 85.45400563111471, 88.98244519468425, 98.60979462755262, 61.153476226102036, 91.34083866002551, 57.93678487941875, 67.12672062766245, 75.23851246452918, 83.22304392807153, 67.49010661360735, 60.89945783836791, 63.381443459027366, 64.90377149291896, 75.39490563879698, 105.96281897504686, 65.6058690810833, 74.78488561122644, 67.0844736967511, 90.01431002546614, 67.58686139525066, 81.81742905974735, 70.20682459826308, 99.6930903538747, 74.16116891930014, 89.6814881718854, 82.61938758592235, 84.24775486224408, 88.15538744475548, 64.1060790126928, 71.64312989626671, 89.56906106264545, 65.90152508381225, 64.59059290695221, 54.374617447236176, 88.13554238836272, 69.9250349867317, 96.92128340640475, 82.80385872245064, 78.84682218149517]
7世代
rank = 0, pop_id = 0, calclation_time:154.02672624588013[sec]
pop_index = 0, scores = 90.5042312554557, rank = 0
7世代評価 : [90.5042312554557, 98.1682488465571, 73.30028209130116, 70.82785957080968, 95.4562025587082, 92.0993795270725, 78.35533554516199, 63.38467052567728, 93.96398933074009, 80.4453210879855, 95.04228385935865, 66.1934250764234, 71.73288446655656, 108.4509364705994, 91.908083762408, 63.65096415201912, 93.68885529120212, 73.52477248283522, 84.9738464623184, 62.839475189464004, 62.930309619218434, 74.95155331602268, 99.56465670413996, 90.90445187497211, 82.71281288410061, 81.07833249757343, 66.88846097649544, 76.16611357017479, 79.76941806077551, 97.34482085247411, 103.16563536017708, 90.63708369013374, 83.58041622261405, 107.69959572600162, 79.52069509963674, 64.67776497340712, 89.53606013458202, 92.08287991465846, 73.47581652888184, 71.05703989433835, 67.72095135736468, 78.06305190709574, 59.36142310321356, 91.70649028574086, 90.49863989004834, 96.43462482602614, 70.78737534956402, 82.20201263325704, 116.15336158362298, 72.38906142189295, 105.65542833287283, 93.6180044204666, 71.26825305090533, 76.68057135451244, 87.14874034138963, 87.67160657519885, 104.95478225717271, 91.1059315533026, 64.32774998652171, 92.67815875728779, 94.49845751919409, 59.91493299901035, 61.86959460692492, 88.469934507364, 99.61503170168443, 56.882172391311876, 93.0464124215778, 84.64993366121993, 107.49957113427898, 71.13154434257004, 65.7610595346432, 64.89911023743385, 88.13262829285426, 96.88131705318892, 113.9745159048537, 69.89315823372495]
8世代
rank = 0, pop_id = 0, calclation_time:152.31480956077576[sec]
pop_index = 0, scores = 88.5785670434565, rank = 0
8世代評価 : [88.5785670434565, 69.73724557502896, 77.19040438768305, 65.87190408799378, 87.91255846891066, 91.91049932778928, 72.83811038792741, 93.4739379507091, 92.98296199306756, 68.19552194264857, 87.70763772395183, 51.49162853104769, 70.73333704249616, 69.78800289690552, 99.355463484079, 84.51690466082114, 75.26361391373383, 126.14722026278844, 80.01848428875047, 80.50167919694891, 59.46870950324602, 87.34924241790219, 76.43566179466447, 91.63513195656991, 88.10255038606282, 68.11480092783634, 53.72881938018722, 100.68858920850913, 65.89623851189818, 99.8254231927781, 66.71077046538848, 83.19221022341927, 69.16144115014863, 80.49687673964493, 75.59266460468025, 92.20343886263052, 81.49387758492394, 73.6553883197816, 86.36286210970319, 82.79560583138283, 99.20360894381652, 62.61165315380993, 79.3689481754413, 67.19157974366898, 85.2562029682605, 97.49818044841, 69.15532589082369, 96.70044675887927, 89.1281224441882, 82.82186237363652, 91.41247463272535, 99.5853258470134, 75.45936009975577, 67.9151857597252, 84.98721618924353, 73.99441705142034, 75.29573299882993, 65.95533624870191, 73.98206740539679, 70.25985024486509, 90.81580515004606, 94.66495377976865, 91.63073457243877, 97.76026987015814, 98.28955993785222, 98.36375871379916, 76.46243258248197, 67.95229117870547, 75.97968105296238, 73.6122132856561, 110.10098099966729, 82.60345761788513, 95.31362616250732, 99.61948571393047, 68.19744807695987, 88.33030764455688]
9世代
rank = 0, pop_id = 0, calclation_time:126.67096781730652[sec]
pop_index = 0, scores = 102.03433383901721, rank = 0
9世代評価 : [102.03433383901721, 97.289080648512, 103.94185840174713, 91.24210381200032, 70.24199484003306, 75.21739681035035, 82.56101441178477, 89.16393107442615, 103.32817121165469, 66.77585271596317, 72.74802434791802, 64.32303459349727, 105.49450528592193, 81.70141335019078, 87.94624538332788, 94.29646328360063, 71.30343381666972, 104.39540175080388, 88.65541401956662, 101.06989608820207, 79.19220572433377, 49.52050841620514, 78.46437351162479, 64.4435000271933, 85.72081613313884, 80.07065167533118, 98.56636172470913, 74.01297419058194, 67.39309668744944, 82.62255275051325, 90.59781420367554, 79.7404467215676, 72.2671646178254, 86.77603648176736, 70.22522651561998, 68.58580182131175, 75.66088917913115, 96.09551119160314, 64.08582228847865, 79.69084591144139, 72.43431788692118, 98.13905188656348, 73.771155850737, 68.05292475120135, 118.17839501996349, 95.81344807203516, 85.68246098856326, 74.68123869232245, 72.82259187255157, 90.06440690047148, 61.49152791329208, 78.81612294711374, 104.0611300765758, 101.13935998768588, 68.4850523139179, 96.17571098283616, 85.57771747492323, 71.7092284985649, 63.085465031201686, 103.99161543578293, 96.34774546835123, 77.71887916949393, 67.99928896681385, 77.57332383737648, 104.07713765819715, 68.84222163217709, 62.46636476083127, 76.94694968613182, 79.25977586110207, 93.07520681294702, 103.33186493272076, 76.71069812047544, 97.11944347087818, 102.79777056865578, 68.38052514033785, 85.91186541663566]
10世代
rank = 0, pop_id = 0, calclation_time:126.21416234970093[sec]
pop_index = 0, scores = 73.50062496715579, rank = 0
10世代評価 : [73.50062496715579, 49.316108089722, 91.9159458140491, 119.0718222994308, 98.84627738659185, 71.31817817487199, 76.56721109236852, 76.16886272518269, 81.88319805062223, 70.1200885474478, 113.63828477191207, 81.60301278726445, 64.91487415964757, 69.61012796205918, 67.59625092149982, 92.8968090667624, 76.41822227812277, 96.42221213945756, 80.00433601702613, 67.37806741356893, 95.08098416055854, 90.96994527136297, 92.63912338264309, 65.85300280884485, 79.29769188421874, 70.64644770115744, 68.68908024927752, 66.56438314230627, 69.14588649170005, 93.49946453733895, 61.36280317334638, 64.37080432802064, 105.38798813761743, 49.0063545987856, 95.66545543203097, 78.2349416908376, 85.05353018801341, 97.72828745025225, 82.86021321364892, 105.03389554919129, 80.39437388583599, 68.95840404746608, 91.83459179035678, 102.81676100257577, 67.19835000474174, 106.14130610275139, 91.81584801177814, 72.22527825844342, 80.81648117216844, 88.58924828614975, 64.3543837248673, 68.67101025475125, 82.17698964881276, 97.29240482464606, 79.55749880954856, 79.45370386860209, 91.05468889301251, 74.74476748656087, 75.46721993419804, 87.2216282068876, 66.4324862001991, 91.33235765782477, 69.29652267943523, 92.83275505926063, 71.3518389950629, 54.78727957054906, 81.33222284325103, 71.04833009438714, 86.280656724497, 81.20829773962598, 84.60127991214218, 78.94904418086001, 75.52428394702093, 83.69516894699056, 70.7144809529555, 104.55051580550216]
11世代
rank = 0, pop_id = 0, calclation_time:111.62717533111572[sec]
pop_index = 0, scores = 108.08760827449427, rank = 0
