0.00000,266.06766,333.36167,200.83077,260.64727,251.09759,58.54912,66.70832,379.90657,272.90475,152.29576,111.04053,119.40268,210.76053,385.39460,74.33034,298.07717,233.17375,257.41989,300.67258,33.73426,344.02326,68.41053,76.15773,133.40540,330.31046,157.63248,175.78680,299.60808,150.23315,243.01852,85.88364,435.88645
266.06766,0.00000,155.36409,452.08959,101.65136,318.81343,278.89066,257.84104,271.06641,52.08647,221.81524,155.02903,214.76732,190.00000,289.56001,235.05106,109.37093,448.54654,253.33969,164.98485,233.36238,139.28388,231.89653,309.86449,383.08354,443.51888,162.60381,93.94147,450.40537,334.09280,435.35962,313.90444,333.09608
333.36167,155.36409,0.00000,534.11328,77.07788,253.06126,317.49331,293.46209,122.52755,206.40010,350.84469,239.70816,230.76612,336.01488,143.25153,335.17906,47.53946,440.54966,172.52536,46.32494,308.47366,32.52691,329.19599,343.81681,412.84501,372.53859,178.08425,179.21216,400.03125,445.65906,413.54081,343.18800,181.00000
200.83077,452.08959,534.11328,0.00000,460.63000,415.20236,229.83690,251.46173,575.43896,445.53339,261.01533,302.78871,314.22922,327.96494,578.66225,217.70622,497.78811,284.19184,444.24543,501.22350,226.85017,543.84281,220.29299,215.52030,186.60118,450.39538,358.10194,369.51049,398.61009,148.95973,319.93906,222.20036,627.92515
260.64727,101.65136,77.07788,460.63000,0.00000,231.81242,251.24689,227.36974,174.26991,152.97059,274.85451,163.04907,168.19037,264.70550,191.21192,258.37957,37.64306,393.60513,158.54968,66.61081,234.00214,83.38465,252.53317,279.59435,351.28336,357.01541,111.64676,102.30347,372.97989,368.64753,372.31304,280.40150,237.59209
251.09759,318.81343,253.06126,415.20236,231.81242,0.00000,197.32714,184.39089,207.48253,361.21600,371.38121,248.39485,149.85660,402.85233,199.37151,307.31905,255.53865,211.89620,80.65358,207.06038,252.95849,282.84625,299.28248,201.71762,238.32121,125.39936,169.52286,250.12197,147.12240,401.32281,174.95142,193.87109,238.32121
58.54912,278.89066,317.49331,229.83690,251.24689,197.32714,0.00000,24.04163,346.09970,295.88004,206.18923,131.09539,87.66413,259.26049,348.86244,129.61867,288.68322,185.60711,214.86973,279.42799,76.85050,333.25666,122.65398,31.04835,104.23531,271.77380,140.18559,184.96756,241.91941,206.28621,189.48879,36.71512,398.10175
66.70832,257.84104,293.46209,251.46173,227.36974,184.39089,24.04163,0.00000,323.98920,277.19488,203.18465,114.28036,64.00781,251.57504,327.39731,129.63410,264.76405,199.24859,195.00000,255.56604,74.21590,309.26041,122.02459,53.00943,126.32102,268.48650,116.18089,163.95426,243.89547,216.93317,198.31288,56.08921,377.03713
379.90657,271.06641,122.52755,575.43896,174.26991,207.48253,346.09970,323.98920,0.00000,323.12536,437.64483,311.89261,261.69066,436.56958,21.63331,403.58642,162.69296,418.16863,139.71399,107.67079,363.57255,151.71355,396.33950,365.13696,422.90661,303.31831,227.26416,266.27054,346.14448,514.25383,382.39378,361.11079,63.56099
272.90475,52.08647,206.40010,445.53339,152.97059,361.21600,295.88004,277.19488,323.12536,0.00000,198.40615,165.42370,243.65549,153.91231,341.64602,228.56071,161.11176,473.90400,300.09665,217.01843,239.20075,187.97074,227.14093,326.79198,398.49718,484.49974,197.29420,118.60017,486.73812,316.54542,464.84083,332.21228,385.03247
152.29576,221.81524,350.84469,261.01533,274.85451,371.38121,206.18923,203.18465,437.64483,198.40615,0.00000,130.23056,221.57843,68.30813,449.80107,78.00641,304.86718,385.21682,348.91403,336.07440,129.76903,347.22039,84.05950,228.26739,280.72228,470.19677,220.83931,173.40415,446.84785,120.03333,394.79108,237.76038,500.26493
111.04053,155.02903,239.70816,302.78871,163.04907,248.39485,131.09539,114.28036,311.89261,165.42370,130.23056,0.00000,101.23734,154.53802,322.54147,95.52487,198.59507,313.44537,219.00913,216.00463,78.63841,244.36448,89.49860,161.77144,233.07724,357.94553,90.60905,66.73080,345.63709,206.55266,309.97419,167.72000,373.45013
119.40268,214.76732,230.76612,314.22922,168.19037,149.85660,87.66413,64.00781,261.69066,243.65549,221.57843,101.23734,0.00000,255.19600,266.32687,160.82288,204.88289,233.98504,139.08990,191.84629,109.78616,248.24383,152.77762,113.05308,183.32485,256.75669,57.14018,125.09996,247.24482,263.53937,221.43396,112.78741,316.63544
210.76053,190.00000,336.01488,327.96494,264.70550,402.85233,259.26049,251.57504,436.56958,153.91231,68.30813,154.53802,255.19600,0.00000,451.32804,139.20129,288.53076,443.09141,367.54456,330.26050,182.98087,326.22078,143.40153,284.68228,342.88336,511.03522,239.20702,172.40940,494.09817,183.00273,448.60004,293.50980,500.10899
385.39460,289.56001,143.25153,578.66225,191.21192,199.37151,348.86244,327.39731,21.63331,341.64602,449.80107,322.54147,266.32687,451.32804,0.00000,412.67178,182.01374,411.12164,137.59360,125.00000,370.71418,172.93062,405.26164,366.38368,421.57087,288.89098,235.81561,279.95714,334.09579,522.69016,374.09758,361.80796,51.10773
74.33034,235.05106,335.17906,217.70622,258.37957,307.31905,129.61867,129.63410,403.58642,228.56071,78.00641,95.52487,160.82288,139.20129,412.67178,0.00000,293.40245,307.23444,297.27092,310.92282,55.57877,338.86428,8.06226,150.41609,203.96078,398.12058,176.87566,158.92766,371.38928,111.39569,317.15769,160.01562,463.77796
298.07717,109.37093,47.53946,497.78811,37.64306,255.53865,288.68322,264.76405,162.69296,161.11176,304.86718,198.59507,204.88289,288.53076,182.01374,293.40245,0.00000,427.12996,178.00281,61.26989,271.01291,46.06517,287.83676,316.81225,388.17135,379.42720,148.78844,135.28119,399.88123,402.83992,404.06435,317.40510,224.00223
233.17375,448.54654,440.54966,284.19184,393.60513,211.89620,185.60711,199.24859,418.16863,473.90400,385.21682,313.44537,233.98504,443.09141,411.12164,307.23444,427.12996,0.00000,281.85280,395.15313,260.27678,465.18168,301.57255,158.44873,112.89376,182.40888,289.04325,356.89915,122.29881,347.90803,43.86342,149.91331,449.67210
257.41989,253.33969,172.52536,444.24543,158.54968,80.65358,214.86973,195.00000,139.71399,300.09665,348.91403,219.00913,139.08990,367.54456,137.59360,297.27092,178.00281,281.85280,0.00000,126.71622,248.56589,202.68448,289.35273,230.05434,284.00352,201.71762,129.06200,200.44949,227.77182,402.48354,249.12848,224.96444,184.62936
300.67258,164.98485,46.32494,501.22350,66.61081,207.06038,279.42799,255.56604,107.67079,217.01843,336.07440,216.00463,191.84629,330.26050,125.00000,310.92282,61.26989,395.15313,126.71622,0.00000,278.48519,76.02631,304.32220,304.32220,371.61405,327.61715,143.12233,162.79128,353.89970,422.29137,367.52415,302.95214,170.98830
33.73426,233.36238,308.47366,226.85017,234.00214,252.95849,76.85050,74.21590,363.57255,239.20075,129.76903,78.63841,109.78616,182.98087,370.71418,55.57877,271.01291,260.27678,248.56589,278.48519,0.00000,317.07728,47.85394,101.83320,165.21804,342.64997,137.20787,144.58561,317.17030,153.93505,266.27054,110.53506,421.65982
344.02326,139.28388,32.52691,543.84281,83.38465,282.84625,333.25666,309.26041,151.71355,187.97074,347.22039,244.36448,248.24383,326.22078,172.93062,338.86428,46.06517,465.18168,202.68448,76.02631,317.07728,0.00000,333.43065,360.85454,431.47769,403.59509,193.08029,180.23596,429.42403,447.77003,439.79313,361.02078,207.29930
68.41053,231.89653,329.19599,220.29299,252.53317,299.28248,122.65398,122.02459,396.33950,227.14093,84.05950,89.49860,152.77762,143.40153,405.26164,8.06226,287.83676,301.57255,289.35273,304.32220,47.85394,333.43065,0.00000,144.22205,199.48183,390.49328,169.44616,153.83433,364.23207,118.22859,310.75714,153.70101,456.36937
76.15773,309.86449,343.81681,215.52030,279.59435,201.71762,31.04835,53.00943,365.13696,326.79198,228.26739,161.77144,113.05308,284.68228,366.38368,150.41609,316.81225,158.44873,230.05434,304.32220,101.83320,360.85454,144.22205,0.00000,73.43705,262.00191,168.02381,215.92823,226.15260,213.11499,166.88319,10.19804,414.57569
133.40540,383.08354,412.84501,186.60118,351.28336,238.32121,104.23531,126.32102,422.90661,398.49718,280.72228,233.07724,183.32485,342.88336,421.57087,203.96078,388.17135,112.89376,284.00352,371.61405,165.21804,431.47769,199.48183,73.43705,0.00000,264.00758,239.67687,289.18160,214.46212,235.03404,139.12944,71.02816,467.38635
330.31046,443.51888,372.53859,450.39538,357.01541,125.39936,271.77380,268.48650,303.31831,484.49974,470.19677,357.94553,256.75669,511.03522,288.89098,398.12058,379.42720,182.40888,201.71762,327.61715,342.64997,403.59509,390.49328,262.00191,264.00758,0.00000,289.11071,370.37549,62.36986,475.06736,138.95683,252.00198,313.19323
157.63248,162.60381,178.08425,358.10194,111.64676,169.52286,140.18559,116.18089,227.26416,197.29420,220.83931,90.60905,57.14018,239.20702,235.81561,176.87566,148.78844,289.04325,129.06200,143.12233,137.20787,193.08029,169.44616,168.02381,239.67687,289.11071,0.00000,81.27115,289.51857,287.05749,273.25080,168.76018,286.92333
175.78680,93.94147,179.21216,369.51049,102.30347,250.12197,184.96756,163.95426,266.27054,118.60017,173.40415,66.73080,125.09996,172.40940,279.95714,158.92766,135.28119,356.89915,200.44949,162.79128,144.58561,180.23596,153.83433,215.92823,289.18160,370.37549,81.27115,0.00000,369.11245,267.59858,346.44624,219.99318,329.53907
299.60808,450.40537,400.03125,398.61009,372.97989,147.12240,241.91941,243.89547,346.14448,486.73812,446.84785,345.63709,247.24482,494.09817,334.09579,371.38928,399.88123,122.29881,227.77182,353.89970,317.17030,429.42403,364.23207,226.15260,214.46212,62.36986,289.51857,369.11245,0.00000,437.47114,80.23092,215.95601,363.73617
150.23315,334.09280,445.65906,148.95973,368.64753,401.32281,206.28621,216.93317,514.25383,316.54542,120.03333,206.55266,263.53937,183.00273,522.69016,111.39569,402.83992,347.90803,402.48354,422.29137,153.93505,447.77003,118.22859,213.11499,235.03404,475.06736,287.05749,267.59858,437.47114,0.00000,370.12971,223.18154,573.77783
243.01852,435.35962,413.54081,319.93906,372.31304,174.95142,189.48879,198.31288,382.39378,464.84083,394.79108,309.97419,221.43396,448.60004,374.09758,317.15769,404.06435,43.86342,249.12848,367.52415,266.27054,439.79313,310.75714,166.88319,139.12944,138.95683,273.25080,346.44624,80.23092,370.12971,0.00000,157.15597,410.80044
85.88364,313.90444,343.18800,222.20036,280.40150,193.87109,36.71512,56.08921,361.11079,332.21228,237.76038,167.72000,112.78741,293.50980,361.80796,160.01562,317.40510,149.91331,224.96444,302.95214,110.53506,361.02078,153.70101,10.19804,71.02816,252.00198,168.76018,219.99318,215.95601,223.18154,157.15597,0.00000,409.59126
435.88645,333.09608,181.00000,627.92515,237.59209,238.32121,398.10175,377.03713,63.56099,385.03247,500.26493,373.45013,316.63544,500.10899,51.10773,463.77796,224.00223,449.67210,184.62936,170.98830,421.65982,207.29930,456.36937,414.57569,467.38635,313.19323,286.92333,329.53907,363.73617,573.77783,410.80044,409.59126,0.00000
