Popularity : [[5, 7], [5, 17], [2, 17], [14, 11], [5, 2], [13, 2], [6, 15], [3, 3], [8, 6], [4, 17], [5, 5], [7, 5], [12, 7], [5, 3], [16, 1], [1, 4], [2, 13], [2, 15], [5, 6], [8, 4], [5, 5], [8, 3], [5, 7], [12, 6], [7, 2], [1, 5], [8, 6], [6, 5], [7, 5], [7, 7], [6, 4], [5, 7], [16, 3]]
Distance : [[0.0, 112.53888216967503, 146.01369798755184, 243.52823244954578, 125.7179382586272, 198.22462006521792, 119.10079764636339, 197.2308292331602, 124.55520864259351, 481.202660009273, 362.3106401970552, 272.66279540854123, 324.3593686021725, 375.9680837517993, 304.7769676337108, 434.69989648031896, 403.0310161761747, 359.2005011132362, 407.3818847224309, 290.9295447354909, 135.79396157414365, 140.5844941663198, 276.3222756130964, 369.38868417968627, 78.77182237323191, 304.2367499169027, 398.7204534507855, 313.2091952673165, 320.3248351283428, 306.60887136545807, 188.95766721676048, 272.18376145538144, 378.4402198498463], [112.53888216967503, 0.0, 204.26698215815497, 257.1089263327899, 14.142135623730951, 88.20430828479978, 20.0, 198.20443990990717, 87.70974860299168, 379.82759246795115, 253.33377192944488, 163.24827717314508, 219.75440837443966, 263.46346995361614, 193.32873557751316, 322.9318813619987, 295.8462438497403, 250.51147678300092, 317.3089976663126, 205.6428943581567, 208.33866659840174, 118.00423721205946, 174.8742405273001, 280.4442903679802, 94.02127418834527, 223.9486548296283, 299.2941696725815, 201.55644370746373, 207.84850252046562, 221.84679398179276, 222.03603311174518, 167.37084572887835, 283.09715646752795], [146.01369798755184, 204.26698215815497, 0.0, 388.76471033261237, 210.2974084481309, 257.38881094561975, 221.55134844996994, 100.89598604503551, 259.27977167530827, 579.672321229848, 394.361509277972, 316.4253466459348, 419.10977082382607, 431.6480047446067, 380.26964117583725, 502.44601700083166, 425.0670535339101, 390.40107581818984, 521.5361924162119, 279.2704782106408, 26.832815729997478, 119.88327656516567, 297.80866340655706, 351.64755082326394, 221.41589825484527, 426.64270766063726, 501.1686342938871, 387.0142116253614, 385.21682206258856, 425.54083235337123, 55.90169943749474, 302.3177136722227, 372.2002149381432], [243.52823244954578, 257.1089263327899, 388.76471033261237, 0.0, 266.8126683649035, 319.03761533712606, 240.80074750714542, 432.60374478268216, 170.0, 421.8554254718078, 456.8205336891064, 378.85749299703707, 317.58620876857987, 429.913944877344, 346.5385981387932, 452.24993090104505, 502.35445653442747, 455.7159202836785, 321.4000622277475, 455.642403645666, 375.22526567383494, 360.568994784632, 409.78530964396464, 523.8110346298558, 178.13758727455584, 227.05505940189926, 348.0517202945562, 354.8661719578241, 375.5768895978558, 240.3518254559345, 432.09836843015273, 396.547601177967, 518.498794598406], [125.7179382586272, 14.142135623730951, 210.2974084481309, 266.8126683649035, 0.0, 74.10802925459562, 26.076809620810597, 197.3448757885545, 96.83491106000976, 371.2371209887287, 239.25300416086733, 149.164338901763, 210.76052761368766, 250.29782260339383, 181.57092278225608, 310.80701407786796, 281.710844661685, 236.4148895480147, 311.6167517961767, 193.2174940319846, 215.92822881689185, 116.96580696938743, 160.9751533622503, 267.36678926149375, 107.33126291998991, 221.04524423746375, 291.44639301250584, 189.64440408301004, 195.1127878945919, 218.00917411888886, 224.72205054244233, 153.28731193415845, 269.47356085523495], [198.22462006521792, 88.20430828479978, 257.38881094561975, 319.03761533712606, 74.10802925459562, 0.0, 91.76055797563569, 215.11159894343214, 154.23683088030563, 326.7919827657955, 165.14841809717706, 75.05997601918082, 169.06803364326444, 180.71247881648904, 123.0447073221762, 246.78938388836744, 207.76188293332345, 162.30834852218786, 284.9719284420836, 138.69751259485514, 268.8810145770802, 143.05593311708537, 92.11405973031478, 204.89265482198232, 177.7751388693031, 214.05840324546944, 253.1422524984717, 129.634100452003, 129.1394595001853, 206.15528128088303, 257.2003110418026, 81.54140052758476, 202.03960007879644], [119.10079764636339, 20.0, 221.55134844996994, 240.80074750714542, 26.076809620810597, 91.76055797563569, 0.0, 218.1857007230309, 70.80254232723568, 366.31816771762766, 255.14309710435043, 165.55965692160635, 207.20038610002638, 259.7941492797711, 185.94622878671134, 315.9192934912333, 298.73901653449957, 252.57870060636546, 300.74075214376916, 217.91970998512272, 224.24317157942625, 138.00362314084367, 182.15652609774924, 290.9450119868014, 86.02325267042627, 205.50669088864237, 284.98596456667826, 194.48650338776724, 202.98029461009264, 204.0, 241.20530674095875, 173.0115603073968, 291.58875149772155], [197.2308292331602, 198.20443990990717, 100.89598604503551, 432.60374478268216, 197.3448757885545, 215.11159894343214, 218.1857007230309, 0.0, 276.9729228643118, 540.6070661765345, 320.73197533142843, 255.54842985234717, 384.1731380510615, 369.17746410093883, 333.9296333061802, 444.14412075361304, 345.0130432317016, 316.55173352866035, 498.4174956800774, 192.50974001333023, 127.20062892926276, 80.39900496896712, 225.99557517792246, 258.58847615468096, 254.68608128439215, 416.293165929973, 468.24993326214155, 338.9985250705377, 331.4030778372464, 411.61754092846917, 58.69412236331676, 234.91274976041638, 282.412818405964], [124.55520864259351, 87.70974860299168, 259.27977167530827, 170.0, 96.83491106000976, 154.23683088030563, 70.80254232723568, 276.9729228643118, 0.0, 367.03405836516043, 308.4234102658227, 222.3083444227859, 218.52459815773602, 299.60307074527793, 218.02064122463267, 343.95639258487404, 353.5477336937687, 306.45228013509706, 286.2621176474456, 287.2107240337658, 255.03333115496883, 199.2636444512646, 246.34934544260514, 358.20943594495105, 50.60632371551998, 181.06904760339356, 284.0422503783548, 227.01982292302142, 241.59884105682295, 184.85940603604675, 289.99482754007875, 235.05318547086316, 356.2653505464712], [481.202660009273, 379.82759246795115, 579.672321229848, 421.8554254718078, 371.2371209887287, 326.7919827657955, 366.31816771762766, 540.6070661765345, 367.03405836516043, 0.0, 275.87859648765794, 293.2319900692965, 160.63934760823702, 204.79257799051214, 207.18349355100662, 142.04224723651762, 295.6112311804137, 279.12183719659055, 102.07840124139877, 396.9735507562185, 587.0366257738949, 469.65519266798276, 335.21634805003174, 403.27162062312294, 417.25891242728414, 199.44924166313595, 83.00602387778854, 203.0369424513677, 215.82400237230334, 189.4333655932872, 583.9152335741893, 320.22492095400696, 374.30068127108717], [362.3106401970552, 253.33377192944488, 394.361509277972, 456.8205336891064, 239.25300416086733, 165.14841809717706, 255.14309710435043, 320.73197533142843, 308.4234102658227, 275.87859648765794, 0.0, 90.08884503644167, 179.49373248110922, 71.11258679024411, 120.7393887677091, 142.6218777046495, 45.617978911828175, 4.242640687119285, 290.2430016382824, 137.27709204379295, 411.894403943535, 274.84723029348504, 96.60745312862771, 127.39309243440164, 340.15584663503876, 278.8207309365643, 237.11811402758752, 115.20850663036997, 90.80198235721508, 264.60914572251653, 375.981382517805, 93.40770846134703, 99.24716620639605], [272.66279540854123, 163.24827717314508, 316.4253466459348, 378.85749299703707, 149.164338901763, 75.05997601918082, 165.55965692160635, 255.54842985234717, 222.3083444227859, 293.2319900692965, 90.08884503644167, 0.0, 153.0294089382822, 115.43396380615195, 89.94442728707543, 188.83061192507955, 133.18032887780387, 87.28115489611719, 275.1817581163403, 111.07204868912791, 331.42872536942235, 196.91876497682998, 46.09772228646444, 153.4959282847594, 251.09759058979438, 231.27689032845456, 231.65707414193074, 91.67878707749138, 77.82673062643708, 219.4766502386985, 306.0228749619871, 29.0, 141.48498153514387], [324.3593686021725, 219.75440837443966, 419.10977082382607, 317.58620876857987, 210.76052761368766, 169.06803364326444, 207.20038610002638, 384.1731380510615, 218.52459815773602, 160.63934760823702, 179.49373248110922, 153.0294089382822, 0.0, 125.2078272313676, 64.77653896280658, 134.80726983364065, 218.4330561064419, 180.7097119692243, 122.20065466273084, 264.0018939326004, 426.4328786573568, 310.6976021793538, 199.0, 294.25329225006135, 266.66083326952986, 104.80935072788114, 84.07734534343957, 66.76076692189807, 90.24965373894794, 89.64373932405988, 424.92352253081964, 182.02472359545007, 272.71230261944544], [375.9680837517993, 263.46346995361614, 431.6480047446067, 429.913944877344, 250.29782260339383, 180.71247881648904, 259.7941492797711, 369.17746410093883, 299.60307074527793, 204.79257799051214, 71.11258679024411, 115.43396380615195, 125.2078272313676, 0.0, 83.93449827097318, 76.55063683601855, 98.2344135219425, 74.33034373659252, 224.32119828495925, 199.45926902503177, 446.031389029965, 312.313944613429, 145.08618128546908, 198.4943324127921, 339.21232288936676, 229.73027662891977, 169.49926253526885, 75.28612089887484, 58.034472514187634, 214.67417171145672, 420.98574797729196, 134.35773144854747, 170.02646852769718], [304.7769676337108, 193.32873557751316, 380.26964117583725, 346.5385981387932, 181.57092278225608, 123.0447073221762, 185.94622878671134, 333.9296333061802, 218.02064122463267, 207.18349355100662, 120.7393887677091, 89.94442728707543, 64.77653896280658, 83.93449827097318, 0.0, 129.9730741346068, 163.3799253274404, 121.21056059601408, 186.02419197512995, 200.2023975880409, 390.9130338067535, 265.58049627184596, 135.36986370680884, 229.97608571327584, 260.23066690918654, 158.21820375671064, 141.79210133149166, 9.0, 30.479501308256342, 144.22205101855957, 379.2466216065741, 118.71394189394942, 209.57099035887578], [434.69989648031896, 322.9318813619987, 502.44601700083166, 452.24993090104505, 310.80701407786796, 246.78938388836744, 315.9192934912333, 444.14412075361304, 343.95639258487404, 142.04224723651762, 142.6218777046495, 188.83061192507955, 134.80726983364065, 76.55063683601855, 129.9730741346068, 0.0, 155.08062419270823, 146.44111444536333, 191.34262462922368, 275.6592098951167, 515.3212590219814, 384.1874542459709, 221.40009033421825, 267.9178978717174, 388.5061132080163, 232.4908600354001, 135.77186748365804, 121.49074038789952, 117.66052864066182, 217.46953809671828, 494.7534739645594, 209.990475974507, 237.22773868163057], [403.0310161761747, 295.8462438497403, 425.0670535339101, 502.35445653442747, 281.710844661685, 207.76188293332345, 298.73901653449957, 345.0130432317016, 353.5477336937687, 295.6112311804137, 45.617978911828175, 133.18032887780387, 218.4330561064419, 98.2344135219425, 163.3799253274404, 155.08062419270823, 0.0, 47.16990566028302, 322.55542159449124, 153.9415473483361, 444.14637226932297, 307.001628660175, 129.87686476043376, 118.53269591129698, 384.20957822521814, 320.31546949843056, 267.5892374517331, 157.00318468107582, 132.94359706281458, 305.766250590218, 402.04601726668056, 131.0953851209111, 86.00581375697809], [359.2005011132362, 250.51147678300092, 390.40107581818984, 455.7159202836785, 236.4148895480147, 162.30834852218786, 252.57870060636546, 316.55173352866035, 306.45228013509706, 279.12183719659055, 4.242640687119285, 87.28115489611719, 180.7097119692243, 74.33034373659252, 121.21056059601408, 146.44111444536333, 47.16990566028302, 0.0, 292.32345099221857, 133.06013678032951, 408.0159310615212, 270.9335711941213, 92.61209424259879, 124.19742348374221, 337.739544619815, 279.4011453090341, 239.459808736247, 115.93532679903913, 91.52595260361949, 265.2772134956186, 371.8494318941472, 89.73850901368932, 96.51942809610924], [407.3818847224309, 317.3089976663126, 521.5361924162119, 321.4000622277475, 311.6167517961767, 284.9719284420836, 300.74075214376916, 498.4174956800774, 286.2621176474456, 102.07840124139877, 290.2430016382824, 275.1817581163403, 122.20065466273084, 224.32119828495925, 186.02419197512995, 191.34262462922368, 322.55542159449124, 292.32345099221857, 0.0, 386.0466293079115, 524.9761899362675, 421.58273209418815, 321.0763149159402, 411.9902911477405, 336.7862823809782, 107.07007051459338, 56.302753041036986, 186.3866948041088, 207.63429389192913, 101.41498903022176, 534.4202466224498, 304.16442921551493, 387.88271423202144], [290.9295447354909, 205.6428943581567, 279.2704782106408, 455.642403645666, 193.2174940319846, 138.69751259485514, 217.91970998512272, 192.50974001333023, 287.2107240337658, 396.9735507562185, 137.27709204379295, 111.07204868912791, 264.0018939326004, 199.45926902503177, 200.2023975880409, 275.6592098951167, 153.9415473483361, 133.06013678032951, 386.0466293079115, 0.0, 300.945177731759, 168.01190434013895, 65.00769185258002, 78.587530817554, 299.2607558635111, 338.58529206095176, 341.0131962256006, 200.80836635957178, 182.82231811242303, 327.7819397099236, 250.50548896181897, 82.09750300709517, 93.34345183246653], [135.79396157414365, 208.33866659840174, 26.832815729997478, 375.22526567383494, 215.92822881689185, 268.8810145770802, 224.24317157942625, 127.20062892926276, 255.03333115496883, 587.0366257738949, 411.894403943535, 331.42872536942235, 426.4328786573568, 446.031389029965, 390.9130338067535, 515.3212590219814, 444.14637226932297, 408.0159310615212, 524.9761899362675, 300.945177731759, 0.0, 137.2443077143821, 315.6865534038471, 374.64650005038084, 213.693706037403, 427.42952635493026, 507.3322382817792, 398.02009999496255, 397.7235220602372, 427.28561876103436, 82.00609733428362, 319.0799272909532, 394.18396720313217], [140.5844941663198, 118.00423721205946, 119.88327656516567, 360.568994784632, 116.96580696938743, 143.05593311708537, 138.00362314084367, 80.39900496896712, 199.2636444512646, 469.65519266798276, 274.84723029348504, 196.91876497682998, 310.6976021793538, 312.313944613429, 265.58049627184596, 384.1874542459709, 307.001628660175, 270.9335711941213, 421.58273209418815, 168.01190434013895, 137.2443077143821, 0.0, 178.48809484108457, 244.989795705862, 182.91254740995763, 336.6481843111589, 394.45405309110464, 271.6615541441225, 267.73867856549975, 332.4650357556415, 114.28473213863697, 182.4719156473127, 261.0689564080724], [276.3222756130964, 174.8742405273001, 297.80866340655706, 409.78530964396464, 160.9751533622503, 92.11405973031478, 182.15652609774924, 225.99557517792246, 246.34934544260514, 335.21634805003174, 96.60745312862771, 46.09772228646444, 199.0, 145.08618128546908, 135.36986370680884, 221.40009033421825, 129.87686476043376, 92.61209424259879, 321.0763149159402, 65.00769185258002, 315.6865534038471, 178.48809484108457, 0.0, 114.69088891450794, 267.7778930382417, 275.7861490358064, 276.6224864323217, 136.33048081775402, 119.64113005150027, 264.43335644354704, 280.1303268123607, 17.26267650163207, 109.9317970379817], [369.38868417968627, 280.4442903679802, 351.64755082326394, 523.8110346298558, 267.36678926149375, 204.89265482198232, 290.9450119868014, 258.58847615468096, 358.20943594495105, 403.27162062312294, 127.39309243440164, 153.4959282847594, 294.25329225006135, 198.4943324127921, 229.97608571327584, 267.9178978717174, 118.53269591129698, 124.19742348374221, 411.9902911477405, 78.587530817554, 374.64650005038084, 244.989795705862, 114.69088891450794, 0.0, 374.4609458942281, 383.0195817448502, 361.1121709386157, 227.51703232945002, 204.78281177872327, 370.41733220787603, 317.2774810792597, 129.63024338479042, 32.7566787083184], [78.77182237323191, 94.02127418834527, 221.41589825484527, 178.13758727455584, 107.33126291998991, 177.7751388693031, 86.02325267042627, 254.68608128439215, 50.60632371551998, 417.25891242728414, 340.15584663503876, 251.09759058979438, 266.66083326952986, 339.21232288936676, 260.23066690918654, 388.5061132080163, 384.20957822521814, 337.739544619815, 336.7862823809782, 299.2607558635111, 213.693706037403, 182.91254740995763, 267.7778930382417, 374.4609458942281, 0.0, 231.23364807051763, 334.2528982671654, 269.15608854343236, 281.3485382936972, 235.3720459187964, 258.49564793241683, 259.0, 376.7333274346723], [304.2367499169027, 223.9486548296283, 426.64270766063726, 227.05505940189926, 221.04524423746375, 214.05840324546944, 205.50669088864237, 416.293165929973, 181.06904760339356, 199.44924166313595, 278.8207309365643, 231.27689032845456, 104.80935072788114, 229.73027662891977, 158.21820375671064, 232.4908600354001, 320.31546949843056, 279.4011453090341, 107.07007051459338, 338.58529206095176, 427.42952635493026, 336.6481843111589, 275.7861490358064, 383.0195817448502, 231.23364807051763, 0.0, 121.49897118905987, 163.67040050051813, 188.04254837669055, 15.264337522473747, 445.64672106950366, 258.68127106537884, 365.68975922221284], [398.7204534507855, 299.2941696725815, 501.1686342938871, 348.0517202945562, 291.44639301250584, 253.1422524984717, 284.98596456667826, 468.24993326214155, 284.0422503783548, 83.00602387778854, 237.11811402758752, 231.65707414193074, 84.07734534343957, 169.49926253526885, 141.79210133149166, 135.77186748365804, 267.5892374517331, 239.459808736247, 56.302753041036986, 341.0131962256006, 507.3322382817792, 394.45405309110464, 276.6224864323217, 361.1121709386157, 334.2528982671654, 121.49897118905987, 0.0, 140.29255147726127, 159.07859692617356, 109.65856099730654, 508.5872589831562, 260.2498799231231, 335.70373843613953], [313.2091952673165, 201.55644370746373, 387.0142116253614, 354.8661719578241, 189.64440408301004, 129.634100452003, 194.48650338776724, 338.9985250705377, 227.01982292302142, 203.0369424513677, 115.20850663036997, 91.67878707749138, 66.76076692189807, 75.28612089887484, 9.0, 121.49074038789952, 157.00318468107582, 115.93532679903913, 186.3866948041088, 200.80836635957178, 398.02009999496255, 271.6615541441225, 136.33048081775402, 227.51703232945002, 269.15608854343236, 163.67040050051813, 140.29255147726127, 0.0, 24.413111231467404, 149.40214188558343, 385.0519445477454, 120.03332870498926, 206.1286006356226], [320.3248351283428, 207.84850252046562, 385.21682206258856, 375.5768895978558, 195.1127878945919, 129.1394595001853, 202.98029461009264, 331.4030778372464, 241.59884105682295, 215.82400237230334, 90.80198235721508, 77.82673062643708, 90.24965373894794, 58.034472514187634, 30.479501308256342, 117.66052864066182, 132.94359706281458, 91.52595260361949, 207.63429389192913, 182.82231811242303, 397.7235220602372, 267.73867856549975, 119.64113005150027, 204.78281177872327, 281.3485382936972, 188.04254837669055, 159.07859692617356, 24.413111231467404, 0.0, 173.80736463107655, 379.74860105074777, 104.4030650891055, 182.49657531033287], [306.60887136545807, 221.84679398179276, 425.54083235337123, 240.3518254559345, 218.00917411888886, 206.15528128088303, 204.0, 411.61754092846917, 184.85940603604675, 189.4333655932872, 264.60914572251653, 219.4766502386985, 89.64373932405988, 214.67417171145672, 144.22205101855957, 217.46953809671828, 305.766250590218, 265.2772134956186, 101.41498903022176, 327.7819397099236, 427.28561876103436, 332.4650357556415, 264.43335644354704, 370.41733220787603, 235.3720459187964, 15.264337522473747, 109.65856099730654, 149.40214188558343, 173.80736463107655, 0.0, 442.7053195975851, 247.25088473046966, 352.4769496009633], [188.95766721676048, 222.03603311174518, 55.90169943749474, 432.09836843015273, 224.72205054244233, 257.2003110418026, 241.20530674095875, 58.69412236331676, 289.99482754007875, 583.9152335741893, 375.981382517805, 306.0228749619871, 424.92352253081964, 420.98574797729196, 379.2466216065741, 494.7534739645594, 402.04601726668056, 371.8494318941472, 534.4202466224498, 250.50548896181897, 82.00609733428362, 114.28473213863697, 280.1303268123607, 317.2774810792597, 258.49564793241683, 445.64672106950366, 508.5872589831562, 385.0519445477454, 379.74860105074777, 442.7053195975851, 0.0, 287.6056327682057, 340.99266854288817], [272.18376145538144, 167.37084572887835, 302.3177136722227, 396.547601177967, 153.28731193415845, 81.54140052758476, 173.0115603073968, 234.91274976041638, 235.05318547086316, 320.22492095400696, 93.40770846134703, 29.0, 182.02472359545007, 134.35773144854747, 118.71394189394942, 209.990475974507, 131.0953851209111, 89.73850901368932, 304.16442921551493, 82.09750300709517, 319.0799272909532, 182.4719156473127, 17.26267650163207, 129.63024338479042, 259.0, 258.68127106537884, 260.2498799231231, 120.03332870498926, 104.4030650891055, 247.25088473046966, 287.6056327682057, 0.0, 122.00409829181969], [378.4402198498463, 283.09715646752795, 372.2002149381432, 518.498794598406, 269.47356085523495, 202.03960007879644, 291.58875149772155, 282.412818405964, 356.2653505464712, 374.30068127108717, 99.24716620639605, 141.48498153514387, 272.71230261944544, 170.02646852769718, 209.57099035887578, 237.22773868163057, 86.00581375697809, 96.51942809610924, 387.88271423202144, 93.34345183246653, 394.18396720313217, 261.0689564080724, 109.9317970379817, 32.7566787083184, 376.7333274346723, 365.68975922221284, 335.70373843613953, 206.1286006356226, 182.49657531033287, 352.4769496009633, 340.99266854288817, 122.00409829181969, 0.0]]
0世代
rank = 0, pop_id = 0, calclation_time:130.82533955574036[sec]
pop_index = 0, scores = 80.83664455764037, rank = 0
0世代評価 : [80.83664455764037, 104.5519401985175, 101.23627344781237, 64.47482530894953, 96.5311228787547, 106.00437567823616, 61.10052295906922, 75.13534754821887, 85.3639365687428, 55.70158434260369, 65.75428379488983, 69.17613261181098, 99.04342321233916, 97.53921212561787, 48.081089601222594, 94.47380974307505, 92.06509284979367, 93.23515401984652, 101.28943463008046, 103.35355442101631, 98.885501793955, 102.30264788987816, 95.62683318168898, 97.92414481768951, 89.55503945756408, 92.92978108526992, 108.27445394777693, 55.24078248086104, 101.84226110623334, 88.29681390951947, 79.75316017678452, 103.27084431501032, 92.9775768562718, 71.84502762791305, 102.12425415825365, 91.49916410340296, 62.792928712008994, 100.6475791408641, 64.66037706062738, 100.8843102151334, 115.3741636471441, 64.214314616571, 111.15587118932771, 102.74058515461788, 86.77861666701557, 101.66987677052246, 79.95761817681301, 89.31023812367104, 86.17159489104388, 101.80410359217652, 104.86193308022074, 111.74759001700495, 67.39980249619951, 92.42053546016395, 101.06520748316298, 97.65064253437545, 57.58217321575966, 65.43721740267662, 96.27604987138342, 90.8919902437095, 104.92797306792825, 103.82200664837596, 98.34773395643744, 64.90029536472049, 87.20072676110894, 94.99789280352098, 103.56389486938119, 69.5922633971998, 77.47093506916804, 89.77443134068778, 92.6874154651845, 85.58789802709045, 71.29835306158189, 95.73304738423221, 61.979460959527216, 97.99688350168806]
0世代, new best [1, 0, 1, 0, 1, 1, 1, 0, 0, 1, 0, 1, 1, 1, 1, 1, 0, 1, 0, 1, 1, 0, 1, 0, 0, 1, 0, 1, 1, 1, 0, 1, 1] = 80.83664455764037
拠点利用数 : 21
0世代, new best [1, 1, 1, 1, 0, 0, 1, 1, 1, 0, 0, 0, 1, 1, 1, 0, 1, 0, 0, 0, 1, 1, 1, 1, 0, 1, 1, 1, 1, 1, 1, 1, 0] = 64.47482530894953
拠点利用数 : 22
0世代, new best [1, 1, 1, 1, 1, 1, 1, 1, 0, 0, 1, 1, 0, 1, 1, 1, 1, 0, 1, 1, 0, 1, 1, 0, 1, 0, 0, 0, 1, 0, 0, 1, 1] = 61.10052295906922
拠点利用数 : 22
0世代, new best [1, 1, 1, 1, 1, 1, 0, 1, 0, 1, 1, 1, 1, 1, 0, 0, 1, 1, 1, 1, 1, 1, 1, 1, 1, 1, 1, 0, 0, 0, 0, 1, 0] = 55.70158434260369
拠点利用数 : 24
0世代, new best [1, 1, 1, 1, 1, 1, 1, 1, 1, 1, 1, 1, 0, 1, 1, 1, 1, 1, 1, 0, 1, 0, 1, 1, 0, 1, 1, 0, 1, 0, 1, 1, 1] = 48.081089601222594
拠点利用数 : 27
1世代
rank = 0, pop_id = 0, calclation_time:126.96845126152039[sec]
pop_index = 0, scores = 83.84704023293015, rank = 0
1世代評価 : [83.84704023293015, 101.02696210895795, 100.8837888238635, 88.94431082499658, 70.05393317135575, 83.08954137197738, 95.92598846297331, 103.79590965126155, 98.07744762161236, 108.4538930119517, 101.31227657323791, 90.62246920465103, 77.18425950871836, 94.88815510989319, 96.1021698108156, 103.724111532358, 88.3409135537929, 107.36942595390097, 100.8298693227684, 108.8755288902989, 104.49366511995555, 87.31087615101475, 61.5342802279943, 81.02268416778189, 62.369919426970675, 83.29998739884225, 73.83608030449305, 98.68565667910319, 69.81610511190739, 82.79399084318447, 102.17694663148968, 55.339143976893, 68.535992331499, 78.52152927241411, 63.0932870831095, 94.64736523995478, 80.95423374909491, 84.84016738953818, 101.95183535891881, 94.67371334076782, 67.1976294705457, 100.13898816772166, 99.08976373494224, 100.10153722367505, 70.40159907670808, 93.43661731158313, 107.18497309036616, 99.24485750472712, 86.71168625343866, 51.51689336658575, 102.00901036254744, 95.38322625906807, 53.53347759754351, 57.526992046220265, 108.59849366254707, 89.49954104384238, 100.40707462035023, 68.31798690305503, 109.1208589435887, 116.66972283477133, 100.45177635376638, 92.84933235434193, 91.36766590041587, 95.26056277132855, 76.20857142050173, 95.6138120219633, 79.8980084998898, 102.19334899072906, 117.40668005874345, 98.71740243666454, 90.51002146433466, 92.2840857683933, 60.71403501558338, 53.24978073548888, 100.47631284189687, 93.27719120524333]
2世代
rank = 0, pop_id = 0, calclation_time:131.70391130447388[sec]
pop_index = 0, scores = 65.62830207526417, rank = 0
2世代評価 : [65.62830207526417, 83.92322647603085, 94.67080509878498, 107.45829645822172, 86.49974974076058, 98.38453129970699, 103.65022919596458, 94.99696086671638, 78.53346675072349, 100.88946318404653, 80.04999798763023, 62.51605543690754, 64.52061218552319, 83.73718954233344, 67.18164998335433, 86.28977838166065, 97.63288697403121, 66.51759589954068, 81.07547053456135, 65.42050319212532, 72.52555363043442, 73.68000943090348, 104.97427828440027, 68.14904360489605, 92.14759710840826, 101.57185703928239, 91.38504085671323, 88.4407595781879, 60.97451463147811, 93.15667969110683, 56.49586294055834, 107.79508380603814, 102.73166044297064, 125.79367204049166, 100.9190218520372, 81.76512976558936, 60.775364395731856, 64.520733076413, 97.52402517295226, 57.8256279186474, 93.68744019070917, 106.94365253752638, 94.78074466079154, 61.38523461442352, 62.62784353475175, 96.77563978461674, 78.69830985095344, 108.86859646032374, 76.0684990632691, 58.654557733203006, 80.3971609865595, 63.886424793259664, 102.06124324384153, 74.7142791605764, 63.01146182896132, 91.97483821062382, 83.6324955001235, 92.6217822168866, 84.09087978989146, 97.5078502635545, 89.52133447348692, 94.41415409217916, 99.77059690574669, 92.12471861379024, 55.51079372398655, 100.52569988364124, 82.4942729285888, 100.13747649996648, 108.7242168132227, 84.87635057869987, 94.09620135364307, 96.71207534086187, 98.92924700862596, 89.95194519884349, 108.77404064555952, 53.29579860770736]
3世代
rank = 0, pop_id = 0, calclation_time:144.46459650993347[sec]
pop_index = 0, scores = 96.32787796163643, rank = 0
3世代評価 : [96.32787796163643, 109.21116052309854, 52.93281292594721, 94.78313198096807, 93.96770836282651, 95.89012262757704, 108.18866011742617, 100.99375852056646, 87.40392672884877, 59.97631735797523, 116.1536949574047, 92.87256493360601, 98.70516852163024, 91.64472838013643, 94.92299621071852, 105.93285182448862, 60.302304836586494, 73.03519189720934, 61.33808014538118, 75.13211774882976, 92.72240031230419, 100.36782592056733, 73.34876356230107, 107.222584982635, 103.98658387469675, 66.38337298953114, 105.01468679053524, 73.06015519256962, 95.22709642360908, 93.93482913948127, 96.1251548961204, 71.16150823206851, 77.69818120329008, 63.8072332276332, 67.89425930439415, 102.29996466195226, 57.99829492459974, 60.43784868503356, 101.5818764854349, 96.39747306743675, 91.33620007955044, 69.19636293001595, 96.52676768071663, 100.8179424429917, 72.10346244829675, 117.82080012388143, 90.75298661077959, 71.89694889127091, 88.78208722329013, 101.29712274185023, 99.11819296730175, 85.42383219859991, 86.68491162804058, 78.39538399040376, 94.96052878573573, 68.71279152031966, 89.04842798864642, 96.66297639225657, 88.62877687975659, 101.52689397732239, 57.36496107853644, 89.56867826855627, 84.25957839712564, 76.51614099528345, 96.56725758028514, 63.04067239372084, 69.00801257128366, 69.17704475393587, 106.13912171612021, 70.01259766749547, 101.42259640674324, 83.90471791120564, 93.63292687383368, 95.63165111079348, 64.37151225049311, 99.88989863975864]
4世代
rank = 0, pop_id = 0, calclation_time:112.20733070373535[sec]
pop_index = 0, scores = 109.1018386834567, rank = 0
4世代評価 : [109.1018386834567, 73.73499878125835, 96.16105346984716, 68.32848528764588, 66.7090336382603, 113.26321913543755, 65.35211091015553, 108.79688037427354, 107.6891167829936, 99.35545870872122, 87.24657616374273, 89.67783543892774, 76.57603808208283, 83.20615902963696, 70.48822509067034, 101.68551701146234, 96.1720350654341, 108.38852202272072, 90.35113723183, 84.82883380424035, 63.301519082430154, 96.0537617482048, 108.99011117483485, 116.31490806339308, 95.22231232084731, 96.56788955591013, 69.91393824712861, 105.67208569623949, 87.156136901315, 64.91909447966253, 76.35061619934518, 107.27843936207418, 94.97253008743861, 71.47242796862778, 104.2857268952861, 66.61174894672561, 98.38665683947106, 65.2942697437533, 88.1246285947789, 82.65442226291535, 87.86069686286345, 108.44801706003449, 58.646691829286226, 92.9424705301391, 63.96101017099813, 101.42674490203848, 106.0000473101492, 58.984808659433945, 65.23776116771825, 90.90571370545761, 91.12142953916289, 98.03812128694527, 81.36487623311758, 77.44145065452865, 60.60746835783868, 100.56787356016663, 52.009675697454185, 98.71550351385956, 101.98674786497739, 94.55751323872916, 113.01838605741779, 96.68408861353555, 97.80958453674097, 105.40759334828837, 99.95663438544274, 99.52676315102438, 93.19524259990348, 101.33120383994583, 96.0097206498249, 101.24358349233898, 93.39555372386387, 66.14250496533485, 109.25332264053085, 65.74115929839854, 97.96755635154469, 99.44033496720506]
5世代
rank = 0, pop_id = 0, calclation_time:132.845468044281[sec]
pop_index = 0, scores = 69.01850919471228, rank = 0
5世代評価 : [69.01850919471228, 107.0812355300393, 76.80274614083535, 121.68866120725556, 97.19674367521525, 104.98315797845288, 90.27367982888582, 107.46295790562539, 92.51479696553596, 101.10696365617794, 114.219586769858, 90.31077374857699, 64.57101764007129, 107.6370083859202, 82.70532371563786, 98.84707585487173, 80.28879934738711, 96.62299827214348, 65.63673176484653, 100.68612166406041, 97.63157394458943, 96.12246084905335, 103.50409374444173, 83.52237308231744, 72.34135352100374, 101.8015216539859, 75.84143942939536, 100.78956660954438, 102.05998691983751, 96.66996764275902, 108.08405446831942, 97.77069189036203, 70.37887904068367, 102.64357313334725, 110.7067279957234, 78.83500871265421, 97.92751654631931, 74.41593162554176, 94.7022358528935, 104.85694006948988, 109.07376562279437, 108.4247380851012, 80.76094176651189, 92.20245046020021, 99.70268685666112, 71.6678149109874, 102.74175837724775, 94.54911485777988, 79.25456823274702, 89.35591141875231, 104.00189393644423, 72.36911341895008, 78.2912368989454, 50.9348402558098, 87.80733215315058, 66.44235265459263, 103.49588283478641, 105.63796902646594, 103.22275921489617, 93.77432012838545, 114.59470548870297, 83.55209600623044, 106.18964440452908, 80.21130870797325, 83.76108467879631, 80.6607507459698, 101.84961890636335, 105.58787884498105, 100.0836317080312, 99.98942703693817, 105.95200478646717, 100.47059927510355, 102.31586724526457, 101.00511421941174, 58.33799212214406, 84.6431726225416]
6世代
rank = 0, pop_id = 0, calclation_time:132.2027771472931[sec]
pop_index = 0, scores = 98.94717375583731, rank = 0
6世代評価 : [98.94717375583731, 103.14768641198685, 86.98792701394784, 81.65853050500584, 83.90763841522593, 64.9129989776728, 65.65577510203349, 112.6094099323377, 90.0546154022473, 100.4681581543865, 96.28875467115287, 100.61905475920851, 83.72794028912453, 98.86891268476201, 107.36388494837091, 100.1883802081813, 97.72953655327561, 119.24047616766656, 102.85792216885754, 101.36383876092093, 91.76398636099705, 70.27102929941645, 79.33065842778038, 91.03741053016726, 59.36233439452694, 103.75572419140099, 108.59581840195678, 84.04153498428217, 68.74812420086708, 66.81265483859082, 110.76069586039688, 94.07683994457598, 89.84700421892994, 115.65838835539662, 91.12585322665495, 59.68481775051398, 63.7714304352566, 86.52879189770165, 119.59301681203786, 104.28476281152741, 94.1926680125621, 61.55259756978974, 97.56273092394282, 62.97878084719366, 80.12609557998609, 64.98817593063329, 97.6695026226864, 71.36375846808458, 74.30199414589215, 74.43703452734869, 98.97641596476244, 100.30828474046544, 61.32737465979665, 95.51773418023632, 98.07534009823125, 104.44822642285597, 100.10777165689105, 67.14853459765676, 77.3465142482444, 100.39121368014129, 93.34354983004019, 56.760235814634115, 73.64040861728253, 96.89336027926628, 116.30440926926269, 92.34547206803222, 89.61567402149898, 66.14447610462321, 99.91570901146375, 86.78035850618697, 54.08389702055473, 78.55713309986879, 96.11561604816889, 96.23219095007211, 117.28172247804915, 95.5253023496474]
7世代
rank = 0, pop_id = 0, calclation_time:100.79756212234497[sec]
pop_index = 0, scores = 110.266764399969, rank = 0
7世代評価 : [110.266764399969, 101.27752858359482, 66.18118178180413, 71.56658672293567, 83.89624022771012, 100.23076005647374, 106.11388290689654, 93.89515437607346, 115.43075232549823, 90.02714900165792, 77.18502350115486, 67.78297989176164, 110.86560582855203, 102.2004842684764, 73.25109258819592, 98.56046417906707, 100.83413385320407, 60.63474172135421, 74.49662390950543, 112.54619740189375, 102.24047777844572, 103.66008086921651, 72.7370299514188, 81.2656635746089, 59.98609559460406, 97.51678753022232, 86.10490471157416, 92.19709808543301, 76.42569482021479, 96.71108314368466, 97.79313061572554, 113.37109003506784, 112.13520525758263, 88.95351093153295, 123.12465478001636, 85.20040814314736, 52.008792746286986, 67.41183052197154, 59.87925696922738, 88.72711638833898, 58.095427247203176, 107.13493903406861, 68.57357317536417, 88.54384825850575, 98.05775139570655, 100.70003112553175, 101.93528688317052, 96.93539002617861, 93.41590012726397, 98.47321007495195, 67.53194134831477, 100.23943922811833, 97.76238562636036, 87.3835405195939, 64.62629184488014, 68.25121029396732, 97.08027879395404, 102.49358279429187, 93.79212109176426, 113.99569363499405, 73.29327784174302, 103.97182435206605, 93.64501122111812, 85.26770425676114, 72.80687928358974, 93.03139826622562, 115.00909179804144, 104.48209471349212, 99.19965431250763, 70.5924809990929, 101.60000209580038, 58.46513168890955, 68.64201835816831, 116.8850397134335, 87.2077877588834, 101.09710765961192]
8世代
rank = 0, pop_id = 0, calclation_time:118.57709670066833[sec]
pop_index = 0, scores = 105.44358321415791, rank = 0
8世代評価 : [105.44358321415791, 76.08888104186798, 58.506850943532584, 103.51157768787989, 97.82373518322113, 67.22491768887981, 105.24071129889093, 99.75405478472118, 93.36280134457739, 98.38435017249122, 103.81275535377604, 86.50370811919228, 115.32034264608205, 56.761277610664685, 60.16528072847812, 71.55440648838355, 95.901438935901, 96.77149853014687, 55.00661665087115, 95.53145033063606, 95.09253261508054, 92.62935534763368, 93.62156133914547, 82.60411001136036, 91.36631759208387, 70.00269091931672, 108.54133892923406, 67.4461823195286, 103.60413528690705, 94.69890494281833, 98.63003146930886, 82.69914575595361, 103.27639087071954, 93.42326754888198, 60.260329184331695, 94.48755441775701, 98.43361258201439, 104.65568431416705, 96.43594274382956, 64.86850223176918, 77.24918326640383, 103.5813875207901, 95.37179388880986, 110.11855330076904, 99.70501689954331, 103.29086047503903, 105.23003113982139, 110.55065590982088, 112.91984146996838, 92.6519812675723, 98.11891199115128, 56.01770522764179, 69.80504593313618, 94.68169256331083, 116.10539366514946, 70.52849917983431, 57.633597091036435, 88.04029975387118, 54.17978403333788, 71.45810489205621, 86.8755561954631, 63.381353823246535, 108.745067168591, 82.02100625746225, 57.990413905122765, 67.90762534692605, 63.27717187339988, 87.11020684801979, 81.2800106214806, 63.75799852537599, 93.78437769257197, 68.94138655852676, 111.31217211151417, 105.49035897022998, 89.81766399785789, 94.14431371675174]
9世代
rank = 0, pop_id = 0, calclation_time:133.33807349205017[sec]
pop_index = 0, scores = 97.95033864136731, rank = 0
9世代評価 : [97.95033864136731, 95.70973549324351, 105.60147991754964, 105.3494862151281, 96.90189545009584, 104.98390631442291, 100.63902812520247, 99.8392158006488, 103.89430188023834, 103.94343092055772, 102.7438350216986, 104.58788751203939, 68.76190108151657, 84.33688869580925, 117.24038998428584, 81.52787285200021, 67.11710216856181, 98.13126810189583, 103.0132763082516, 106.14629035672222, 104.35674509444648, 113.90097378953512, 94.87759865054974, 104.40575916782764, 107.74188470262672, 74.25973456392042, 95.65095936637321, 105.14844640359988, 73.37091220450863, 123.08390922200773, 100.81085083661662, 106.18112777114256, 100.76741079224183, 115.78347343751008, 108.45349062684498, 100.80350829680724, 61.93173698135687, 91.711222794437, 99.78603825718073, 91.98471654152874, 64.80945896515642, 107.80052074891086, 109.55643833542625, 100.87938473812723, 78.16173749957134, 59.89212041704386, 80.43199978841328, 71.58320296637167, 98.6266178689843, 105.66183950922417, 109.90661312649914, 54.88637428739836, 76.54752940562682, 93.12393478008572, 59.41983706752925, 102.88605314373025, 87.08802331984988, 67.43105034670681, 90.20516438447648, 87.51473784651394, 93.84746880453022, 107.79441826979101, 101.56821481133981, 88.72470519343244, 99.54350656040809, 109.60978302764856, 95.42415115495992, 89.94050985351495, 85.75781800786912, 84.32244784190372, 101.14601493099161, 101.89257566808392, 103.0407227180381, 74.70898380667361, 91.78808821911504, 83.51550800783373]
10世代
rank = 0, pop_id = 0, calclation_time:100.47899436950684[sec]
pop_index = 0, scores = 75.13045868729264, rank = 0
10世代評価 : [75.13045868729264, 105.44011601550062, 76.60399403641455, 107.71608725505784, 107.12659370097428, 101.69792935452773, 89.48231044333502, 99.49326702563863, 92.81344588000269, 93.47435737144323, 92.49510993300247, 57.80806762785405, 96.56554950385387, 102.25443254303384, 113.93406553099041, 108.87226196035066, 71.79799756788998, 96.40864008513337, 63.19793667974223, 110.26526995731318, 89.84392806507596, 97.28823865856899, 104.97880376810956, 81.98377339182484, 101.57975748998481, 106.48381423164784, 92.77036211813284, 95.75014732407807, 103.85034487881924, 60.04960494119354, 114.35927681176166, 99.52919415381322, 100.80644167425373, 82.90396122866035, 90.01131978138072, 73.6623890864097, 107.45777416326395, 77.99591087647967, 120.84359840630705, 95.37764675338805, 56.82165694194409, 57.403332136225906, 101.073702348119, 52.91039755350509, 78.02341814013523, 83.71809039810283, 88.1570343611424, 91.72904024663914, 66.14138062758714, 95.94719954698552, 112.64919798553322, 87.52572210294254, 61.49615406068875, 82.52720941305054, 98.6162415369849, 70.20542974731914, 63.61708374666899, 114.40879478115032, 90.55383792603679, 110.73887483766153, 65.51654360473808, 104.37132212627898, 106.90702986585042, 75.75991269121744, 88.70179926977166, 99.96606928942161, 112.39138511329838, 94.46404815778, 91.27695866864933, 73.12113240950679, 115.16638161707795, 117.94763164290629, 71.82792235591141, 105.83472680467457, 79.70693631275513, 102.46148679676807]
11世代
rank = 0, pop_id = 0, calclation_time:99.72380256652832[sec]
pop_index = 0, scores = 115.08742767155269, rank = 0
