Popularity : [[5, 2], [4, 19], [5, 5], [5, 15], [7, 1], [14, 7], [13, 16], [7, 6], [3, 7], [3, 2], [2, 5], [7, 8], [5, 8], [12, 17], [4, 2], [4, 5], [16, 18], [5, 5], [5, 6], [6, 7], [5, 16], [4, 6], [3, 5], [4, 7], [3, 4], [11, 4], [5, 4], [1, 6], [3, 5], [1, 3], [4, 7], [15, 6], [2, 5]]
Distance : [[0.0, 470.2393007820593, 178.61970775925036, 255.0019607767752, 475.7856660304091, 305.91011751820173, 424.26406871192853, 32.01562118716424, 508.0993997241091, 279.2579452764057, 466.61868800981387, 228.7378412069153, 180.42172818150257, 442.06447493550075, 77.62087348130012, 120.14990636700472, 448.6568844896955, 133.5402561027947, 408.59393044929095, 428.9160757071248, 330.84135170803546, 183.61917111238685, 462.8055747287407, 322.34298503302347, 99.02019995940222, 89.10667763978185, 160.11246047700348, 343.96075357517174, 322.57867257461396, 16.0312195418814, 387.00129198750744, 480.63499664506327, 331.87949620306466], [470.2393007820593, 0.0, 291.61961525247233, 525.2018659525116, 159.0, 203.7694775966214, 131.3202193114221, 443.0914126904289, 246.13004692641653, 587.7482454248587, 121.03718436910205, 441.80765045435777, 313.53628179207584, 224.11604137142882, 395.4642841016114, 475.42927970414274, 27.784887978899608, 483.0983336754537, 224.32119828495925, 51.884487084291386, 207.18349355100662, 314.1862504948299, 223.16361710637332, 155.04837954651444, 469.38257317459073, 476.5553483069936, 313.68296096536704, 539.0825539748064, 243.4460925954656, 469.3591375482105, 438.9453268916301, 366.00683053735486, 538.1198751207764], [178.61970775925036, 291.61961525247233, 0.0, 305.039341724965, 312.92331328937445, 147.32277488562318, 257.1089263327899, 152.0526224699857, 362.0193365001378, 357.1134273588715, 297.5231083462258, 233.52087701102872, 73.68174807915459, 297.00168349691216, 105.11898020814318, 206.65188119153427, 270.2480342204176, 218.17882573705452, 265.68025895801895, 251.03386225766437, 179.20100446147057, 79.40403012442127, 315.7340653144668, 146.54009690183776, 194.07730418572905, 197.77006851391846, 34.48187929913333, 362.92698990292797, 187.01871564097536, 178.1796845883391, 337.6758800980609, 376.9681684174408, 355.3266103178877], [255.0019607767752, 525.2018659525116, 305.039341724965, 0.0, 448.6267936715327, 448.4696199298231, 420.83963691648626, 271.7370052090808, 434.35584490138956, 63.50590523722971, 460.4052562688658, 83.40863264674707, 361.809342057388, 381.2833591962807, 281.298773548695, 374.4889851517665, 514.9689311016733, 388.20741878537046, 353.27751131369797, 504.8455209269465, 321.73591655269075, 367.535032343857, 400.9351568520775, 426.04342501674637, 353.1416146533852, 165.92166826548, 270.64737205448716, 94.57801012920498, 289.4149270511112, 270.9335711941213, 196.74348782107123, 338.61482542853906, 81.30190649671138], [475.7856660304091, 159.0, 312.92331328937445, 448.6267936715327, 0.0, 298.96655331324274, 58.412327466040935, 456.00109648990974, 87.36704184073076, 511.83298057081083, 38.118237105091836, 369.92026167810815, 365.2998768135571, 78.64477096412705, 413.3533597299047, 519.0761023202667, 174.6568063374571, 530.0235843809216, 97.24710792614863, 188.692872149427, 146.4923206178399, 368.4562389212591, 69.31810730249349, 234.61670869739862, 507.0, 452.07079091664394, 318.9608126400483, 436.9404993817808, 166.20770138594662, 480.2426470025335, 315.6865534038471, 214.55535416297585, 439.38593514130605], [305.91011751820173, 203.7694775966214, 147.32277488562318, 448.4696199298231, 298.96655331324274, 0.0, 242.20033030530738, 274.76535443901946, 374.2859869137502, 502.9294185072096, 268.71546289709494, 372.09138662430763, 127.4401820463232, 320.689881349568, 228.5475880424031, 281.3485382936972, 176.459627110566, 287.0017421549911, 298.8143236192, 152.42703172337903, 222.59604668547013, 125.686116973992, 332.9624603465081, 64.63745044476924, 279.20243551946317, 342.64413025761877, 181.1767093199344, 496.9708240933264, 251.3483638299641, 300.1666203960727, 444.9865166496621, 439.9602254749854, 491.0040733028597], [424.26406871192853, 131.3202193114221, 257.1089263327899, 420.83963691648626, 58.412327466040935, 242.20033030530738, 0.0, 403.01985062773275, 134.33167906342868, 484.3397567823645, 43.04648650006177, 339.2359061184414, 307.36297760140206, 95.1892851112981, 359.2005011132362, 462.46729614103526, 138.75518008348374, 473.1521953874884, 93.1074647920348, 147.0, 102.83968105745953, 310.4126286090822, 99.14131328563285, 177.6091213873882, 450.9600869256613, 406.96437190496175, 265.5484889808262, 420.98574797729196, 131.51805959639154, 427.8048620574572, 311.40006422606916, 236.24140195994434, 421.6918306061904], [32.01562118716424, 443.0914126904289, 152.0526224699857, 271.7370052090808, 456.00109648990974, 274.76535443901946, 403.01985062773275, 0.0, 492.75754687269887, 301.2806001056158, 444.890997885999, 236.21176939348302, 148.71785366928881, 426.5512864826456, 47.853944456021594, 104.69479452198185, 420.87765443178375, 118.90332207301863, 393.2861553627333, 400.6419848193646, 312.79546032511405, 151.7926216915697, 446.97203491941195, 293.4109745732085, 83.48652585896721, 108.55873986004075, 137.48090776540573, 357.3289800729854, 307.688153818115, 26.30589287593181, 389.23643200502187, 474.03058973024093, 345.7875070039402], [508.0993997241091, 246.13004692641653, 362.0193365001378, 434.35584490138956, 87.36704184073076, 374.2859869137502, 134.33167906342868, 492.75754687269887, 0.0, 495.3907548592323, 125.4830665866913, 363.39785359850435, 423.2363405947084, 66.2117814289874, 454.4755218930938, 567.6345655437132, 261.96182928052707, 579.6999223736364, 99.53893710503444, 275.3470537340104, 183.07648674802562, 427.18731254567945, 46.32493928760188, 309.7418279793674, 553.2630477449221, 469.7073557013984, 360.4511062543712, 404.6455238847947, 185.52088831180168, 515.0009708728712, 271.9503631179778, 144.04513181638595, 409.59125967237145], [279.2579452764057, 587.7482454248587, 357.1134273588715, 63.50590523722971, 511.83298057081083, 502.9294185072096, 484.3397567823645, 301.2806001056158, 495.3907548592323, 0.0, 523.8950276534413, 146.18481453283715, 408.27074350239695, 443.6800649116433, 319.24911902775864, 399.0451102319135, 576.9332717047961, 412.0, 416.16342943608106, 566.1978452802518, 385.0311675695878, 413.75959203382826, 463.0874647407334, 484.3304656946536, 378.1322519965733, 192.7615106809448, 322.66546143025596, 120.34118164618461, 352.8994190984168, 295.2050135075622, 246.82990094394967, 393.24928480545265, 108.07867504739313], [466.61868800981387, 121.03718436910205, 297.5231083462258, 460.4052562688658, 38.118237105091836, 268.71546289709494, 43.04648650006177, 444.890997885999, 125.4830665866913, 523.8950276534413, 0.0, 379.5629065122144, 344.3617284194049, 108.67382389517726, 400.5621050473946, 501.6423028413772, 136.6235704408284, 511.9628892800727, 118.86967653695369, 151.24152868838638, 145.34441853748632, 347.0518693221519, 103.84603988597736, 205.2364490045567, 490.78916043449857, 450.0011111097394, 307.4296667532267, 456.0043859438196, 172.06975329789952, 469.8638100556373, 340.4423592915547, 248.8955604264568, 457.4592878060298], [228.7378412069153, 441.80765045435777, 233.52087701102872, 83.40863264674707, 369.92026167810815, 372.09138662430763, 339.2359061184414, 236.21176939348302, 363.39785359850435, 146.18481453283715, 379.5629065122144, 0.0, 297.1279185805333, 306.3233585608515, 232.29722340140012, 340.71835876571134, 431.6132528085763, 354.99014070816105, 276.5248632582611, 421.7226576791909, 239.0334704596827, 303.0659994126692, 326.71088136148757, 345.48806057518107, 319.64042297556796, 148.16544806398016, 200.09247861926244, 130.75167302944922, 207.74022239325728, 243.3105012119288, 163.6001222493431, 285.56785533389433, 122.18428704215611], [180.42172818150257, 313.53628179207584, 73.68174807915459, 361.809342057388, 365.2998768135571, 127.4401820463232, 307.36297760140206, 148.71785366928881, 423.2363405947084, 408.27074350239695, 344.3617284194049, 297.1279185805333, 0.0, 360.0013888862097, 104.63746938836012, 162.09873534361705, 288.5012998237616, 170.51979357247652, 330.31046002208285, 266.092089322475, 243.39268682522078, 6.0, 377.4453602841079, 158.5339080449353, 156.08010763707205, 229.61707253599414, 100.17983829094555, 427.8142120126446, 256.33766793040775, 173.5194513592064, 410.67018396762137, 448.6624566419615, 419.22786166952216], [442.06447493550075, 224.11604137142882, 297.00168349691216, 381.2833591962807, 78.64477096412705, 320.689881349568, 95.1892851112981, 426.5512864826456, 66.2117814289874, 443.6800649116433, 108.67382389517726, 306.3233585608515, 360.0013888862097, 0.0, 388.35550723531657, 502.02091589892945, 233.68354670365648, 514.2178526655798, 33.52610922848042, 242.0743687382041, 117.80067911519016, 364.17715469260287, 21.213203435596427, 257.0992026436488, 487.41358208404495, 405.5724349607601, 294.47750338523315, 362.0966721747108, 119.54078801814885, 448.84964074843595, 237.64890069175578, 141.89080308462562, 365.37788657771836], [77.62087348130012, 395.4642841016114, 105.11898020814318, 281.298773548695, 413.3533597299047, 228.5475880424031, 359.2005011132362, 47.853944456021594, 454.4755218930938, 319.24911902775864, 400.5621050473946, 232.29722340140012, 104.63746938836012, 388.35550723531657, 0.0, 119.85407794480753, 373.1005226477176, 133.68619973654722, 355.4940224532615, 352.80022675729674, 272.5307322119838, 108.4665847162157, 408.3356462519529, 245.56872765073325, 101.86265262597475, 130.58713566044705, 94.70480452437458, 359.86942076258714, 271.0461215365385, 74.14849964766651, 374.3861642742691, 446.2790606784056, 349.3665696657309], [120.14990636700472, 475.42927970414274, 206.65188119153427, 374.4889851517665, 519.0761023202667, 281.3485382936972, 462.46729614103526, 104.69479452198185, 567.6345655437132, 399.0451102319135, 501.6423028413772, 340.71835876571134, 162.09873534361705, 502.02091589892945, 119.85407794480753, 0.0, 450.05888503616944, 14.317821063276353, 469.8606176303777, 427.2762572388033, 384.56728930058523, 161.24515496597098, 521.3108477674333, 320.3825837963106, 21.37755832643195, 208.95932618574363, 208.4034548657963, 461.6373035186823, 387.227323416104, 104.12012293500234, 491.0824777977728, 565.9840987165629, 449.92888326934514], [448.6568844896955, 27.784887978899608, 270.2480342204176, 514.9689311016733, 174.6568063374571, 176.459627110566, 138.75518008348374, 420.87765443178375, 261.96182928052707, 576.9332717047961, 136.6235704408284, 431.6132528085763, 288.5012998237616, 233.68354670365648, 373.1005226477176, 450.05888503616944, 0.0, 457.4407065402029, 229.9652147608416, 24.166091947189145, 202.00247523235947, 288.9169430822637, 235.10423220350586, 130.06152390311286, 444.5447109121871, 458.70360800848295, 293.960881751297, 533.5484982642159, 239.0188277102873, 447.1800532224129, 438.94988324408973, 374.9946666287402, 531.9069467491471], [133.5402561027947, 483.0983336754537, 218.17882573705452, 388.20741878537046, 530.0235843809216, 287.0017421549911, 473.1521953874884, 118.90332207301863, 579.6999223736364, 412.0, 511.9628892800727, 354.99014070816105, 170.51979357247652, 514.2178526655798, 133.68619973654722, 14.317821063276353, 457.4407065402029, 0.0, 482.2032766375608, 434.44217106537894, 396.62702883187376, 169.24833824885843, 533.376039956802, 328.1463088318989, 35.4400902933387, 222.52415599210798, 221.14474897677312, 475.6574397610112, 399.96249824202266, 117.51595636338071, 505.3602675319855, 579.5903725908497, 463.9062405271134], [408.59393044929095, 224.32119828495925, 265.68025895801895, 353.27751131369797, 97.24710792614863, 298.8143236192, 93.1074647920348, 393.2861553627333, 99.53893710503444, 416.16342943608106, 118.86967653695369, 276.5248632582611, 330.31046002208285, 33.52610922848042, 355.4940224532615, 469.8606176303777, 229.9652147608416, 482.2032766375608, 0.0, 235.0914715594762, 86.97700845625813, 334.6774566653691, 54.57105459856901, 236.5924766344019, 454.9637348185018, 372.38823826753713, 261.92556194461054, 339.7793401606401, 86.03487664894976, 415.46359647988413, 221.5784285529618, 148.00337833982033, 342.1417834757982], [428.9160757071248, 51.884487084291386, 251.03386225766437, 504.8455209269465, 188.692872149427, 152.42703172337903, 147.0, 400.6419848193646, 275.3470537340104, 566.1978452802518, 151.24152868838638, 421.7226576791909, 266.092089322475, 242.0743687382041, 352.80022675729674, 427.2762572388033, 24.166091947189145, 434.44217106537894, 235.0914715594762, 0.0, 198.09341230843594, 266.3174797117155, 245.45875417267155, 108.16653826391968, 422.1705816373282, 442.1097148898676, 276.1322147088239, 527.4637428297797, 235.30830839560255, 426.9449613240564, 437.9326432226764, 381.9960732782472, 525.2361373706116], [330.84135170803546, 207.18349355100662, 179.20100446147057, 321.73591655269075, 146.4923206178399, 222.59604668547013, 102.83968105745953, 312.79546032511405, 183.07648674802562, 385.0311675695878, 145.34441853748632, 239.0334704596827, 243.39268682522078, 117.80067911519016, 272.5307322119838, 384.56728930058523, 202.00247523235947, 396.62702883187376, 86.97700845625813, 198.09341230843594, 0.0, 247.81444671366518, 136.75159962501354, 165.19382555047267, 370.3687351815755, 306.0261426741186, 178.0, 332.0316249997882, 37.21558813185679, 336.2157045707413, 241.2343259156955, 217.7200036744442, 330.9380606699689], [183.61917111238685, 314.1862504948299, 79.40403012442127, 367.535032343857, 368.4562389212591, 125.686116973992, 310.4126286090822, 151.7926216915697, 427.18731254567945, 413.75959203382826, 347.0518693221519, 303.0659994126692, 6.0, 364.17715469260287, 108.4665847162157, 161.24515496597098, 288.9169430822637, 169.24833824885843, 334.6774566653691, 266.3174797117155, 247.81444671366518, 0.0, 381.4773912042495, 159.13830462839547, 156.00320509528, 234.4013651837378, 106.16967551989597, 433.7614551801485, 261.27571643763605, 176.2980430974774, 416.55971960812536, 453.8479921735911, 425.154089713365], [462.8055747287407, 223.16361710637332, 315.7340653144668, 400.9351568520775, 69.31810730249349, 332.9624603465081, 99.14131328563285, 446.97203491941195, 46.32493928760188, 463.0874647407334, 103.84603988597736, 326.71088136148757, 377.4453602841079, 21.213203435596427, 408.3356462519529, 521.3108477674333, 235.10423220350586, 533.376039956802, 54.57105459856901, 245.45875417267155, 136.75159962501354, 381.4773912042495, 0.0, 268.79360111431225, 506.9694270860916, 426.7798027086099, 314.2117120668802, 379.2466216065741, 140.42791745233566, 469.43796182243295, 252.20031720836514, 145.3994497926316, 382.9529997271206], [322.34298503302347, 155.04837954651444, 146.54009690183776, 426.04342501674637, 234.61670869739862, 64.63745044476924, 177.6091213873882, 293.4109745732085, 309.7418279793674, 484.3304656946536, 205.2364490045567, 345.48806057518107, 158.5339080449353, 257.0992026436488, 245.56872765073325, 320.3825837963106, 130.06152390311286, 328.1463088318989, 236.5924766344019, 108.16653826391968, 165.19382555047267, 159.13830462839547, 268.79360111431225, 0.0, 314.5155004129367, 342.5857556875358, 175.13708916160505, 463.83833390525194, 197.3068675946177, 319.6779629564728, 397.9208464003865, 380.3117142555564, 459.3223269121587], [99.02019995940222, 469.38257317459073, 194.07730418572905, 353.1416146533852, 507.0, 279.20243551946317, 450.9600869256613, 83.48652585896721, 553.2630477449221, 378.1322519965733, 490.78916043449857, 319.64042297556796, 156.08010763707205, 487.41358208404495, 101.86265262597475, 21.37755832643195, 444.5447109121871, 35.4400902933387, 454.9637348185018, 422.1705816373282, 370.3687351815755, 156.00320509528, 506.9694270860916, 314.5155004129367, 0.0, 187.6832437912346, 193.05180651835403, 440.274914116169, 371.52927206345396, 83.00602387778854, 470.83861353971383, 548.0447062056161, 428.55688070546717], [89.10667763978185, 476.5553483069936, 197.77006851391846, 165.92166826548, 452.07079091664394, 342.64413025761877, 406.96437190496175, 108.55873986004075, 469.7073557013984, 192.7615106809448, 450.0011111097394, 148.16544806398016, 229.61707253599414, 405.5724349607601, 130.58713566044705, 208.95932618574363, 458.70360800848295, 222.52415599210798, 372.38823826753713, 442.1097148898676, 306.0261426741186, 234.4013651837378, 426.7798027086099, 342.5857556875358, 187.6832437912346, 0.0, 167.45148551147582, 255.8378392654222, 288.36261893664374, 105.07616285342742, 311.1301978272119, 420.37364332222353, 243.51591323771842], [160.11246047700348, 313.68296096536704, 34.48187929913333, 270.64737205448716, 318.9608126400483, 181.1767093199344, 265.5484889808262, 137.48090776540573, 360.4511062543712, 322.66546143025596, 307.4296667532267, 200.09247861926244, 100.17983829094555, 294.47750338523315, 94.70480452437458, 208.4034548657963, 293.960881751297, 221.14474897677312, 261.92556194461054, 276.1322147088239, 178.0, 106.16967551989597, 314.2117120668802, 175.13708916160505, 193.05180651835403, 167.45148551147582, 0.0, 330.06817477606046, 178.83232370016333, 162.49615380063616, 311.66969695496545, 362.2292092032336, 322.14903383372115], [343.96075357517174, 539.0825539748064, 362.92698990292797, 94.57801012920498, 436.9404993817808, 496.9708240933264, 420.98574797729196, 357.3289800729854, 404.6455238847947, 120.34118164618461, 456.0043859438196, 130.75167302944922, 427.8142120126446, 362.0966721747108, 359.86942076258714, 461.6373035186823, 533.5484982642159, 475.6574397610112, 339.7793401606401, 527.4637428297797, 332.0316249997882, 433.7614551801485, 379.2466216065741, 463.83833390525194, 440.274914116169, 255.8378392654222, 330.06817477606046, 0.0, 295.6552045880471, 359.6109008358896, 137.6117727521886, 286.40006983239374, 13.45362404707371], [322.57867257461396, 243.4460925954656, 187.01871564097536, 289.4149270511112, 166.20770138594662, 251.3483638299641, 131.51805959639154, 307.688153818115, 185.52088831180168, 352.8994190984168, 172.06975329789952, 207.74022239325728, 256.33766793040775, 119.54078801814885, 271.0461215365385, 387.227323416104, 239.0188277102873, 399.96249824202266, 86.03487664894976, 235.30830839560255, 37.21558813185679, 261.27571643763605, 140.42791745233566, 197.3068675946177, 371.52927206345396, 288.36261893664374, 178.83232370016333, 295.6552045880471, 0.0, 329.587621126765, 204.62893246068603, 194.23954283306992, 294.93219559756443], [16.0312195418814, 469.3591375482105, 178.1796845883391, 270.9335711941213, 480.2426470025335, 300.1666203960727, 427.8048620574572, 26.30589287593181, 515.0009708728712, 295.2050135075622, 469.8638100556373, 243.3105012119288, 173.5194513592064, 448.84964074843595, 74.14849964766651, 104.12012293500234, 447.1800532224129, 117.51595636338071, 415.46359647988413, 426.9449613240564, 336.2157045707413, 176.2980430974774, 469.43796182243295, 319.6779629564728, 83.00602387778854, 105.07616285342742, 162.49615380063616, 359.6109008358896, 329.587621126765, 0.0, 400.47596681948346, 491.3298281195637, 347.58739908115194], [387.00129198750744, 438.9453268916301, 337.6758800980609, 196.74348782107123, 315.6865534038471, 444.9865166496621, 311.40006422606916, 389.23643200502187, 271.9503631179778, 246.82990094394967, 340.4423592915547, 163.6001222493431, 410.67018396762137, 237.64890069175578, 374.3861642742691, 491.0824777977728, 438.94988324408973, 505.3602675319855, 221.5784285529618, 437.9326432226764, 241.2343259156955, 416.55971960812536, 252.20031720836514, 397.9208464003865, 470.83861353971383, 311.1301978272119, 311.66969695496545, 137.6117727521886, 204.62893246068603, 400.47596681948346, 0.0, 148.86235252742716, 145.41664278891878], [480.63499664506327, 366.00683053735486, 376.9681684174408, 338.61482542853906, 214.55535416297585, 439.9602254749854, 236.24140195994434, 474.03058973024093, 144.04513181638595, 393.24928480545265, 248.8955604264568, 285.56785533389433, 448.6624566419615, 141.89080308462562, 446.2790606784056, 565.9840987165629, 374.9946666287402, 579.5903725908497, 148.00337833982033, 381.9960732782472, 217.7200036744442, 453.8479921735911, 145.3994497926316, 380.3117142555564, 548.0447062056161, 420.37364332222353, 362.2292092032336, 286.40006983239374, 194.23954283306992, 491.3298281195637, 148.86235252742716, 0.0, 294.24139749532185], [331.87949620306466, 538.1198751207764, 355.3266103178877, 81.30190649671138, 439.38593514130605, 491.0040733028597, 421.6918306061904, 345.7875070039402, 409.59125967237145, 108.07867504739313, 457.4592878060298, 122.18428704215611, 419.22786166952216, 365.37788657771836, 349.3665696657309, 449.92888326934514, 531.9069467491471, 463.9062405271134, 342.1417834757982, 525.2361373706116, 330.9380606699689, 425.154089713365, 382.9529997271206, 459.3223269121587, 428.55688070546717, 243.51591323771842, 322.14903383372115, 13.45362404707371, 294.93219559756443, 347.58739908115194, 145.41664278891878, 294.24139749532185, 0.0]]
0世代
rank = 0, pop_id = 0, calclation_time:124.30845475196838[sec]
pop_index = 0, scores = 105.32479262201896, rank = 0
0世代評価 : [105.32479262201896, 96.6216359492278, 107.95740134408653, 97.47817183573805, 92.18719607476149, 100.58711817686137, 100.11206758522435, 116.78259034831787, 94.6505676911847, 93.22540499172008, 97.66802325888406, 85.14879883263421, 100.69575787321742, 84.91990528488981, 112.93787853021334, 90.84791718755852, 111.3425831955548, 103.48427538052705, 116.25452771429742, 98.09683109206595, 100.73901453687239, 102.02178832535505, 91.03442298608017, 107.30158236036308, 96.97158697788305, 90.59843275535503, 100.71781211676189, 102.5107104100044, 93.38421175294789, 94.02014815736071, 98.74971455454855, 99.29961011403161, 104.48567305514482, 73.63038728564977, 100.20714920085594, 104.84756864881645, 90.53681979035957, 96.9240849580505, 93.3688227759511, 113.94906168584947, 91.34924135524524, 80.96555889919365, 107.60711710708826, 90.09319941534207, 94.44371990829131, 102.1882876659258, 90.19154299141412, 96.72357355865995, 101.05474596214489, 92.90216678993842, 110.07045328620222, 101.46513116402569, 106.45731141159786, 80.24344093608846, 101.67694711463471, 91.0815654145683, 96.53572300682528, 104.83083017617493, 103.82318053418248, 96.14545174334646, 93.7279811141189, 100.22909731477155, 94.45299024445885, 113.62734653747718, 79.9202309568695, 96.60631056358751, 92.50507242550528, 92.74415384782891, 104.39609899016547, 98.37292924775632, 83.64638484509528, 85.76248279536543, 87.83738031813996, 103.9802397221478, 97.20012946939707, 97.64259110705629]
0世代, new best [1, 0, 1, 1, 0, 0, 1, 0, 0, 1, 0, 0, 1, 1, 1, 1, 1, 1, 0, 1, 0, 1, 0, 1, 1, 1, 1, 0, 0, 0, 1, 1, 1] = 105.32479262201896
拠点利用数 : 20
0世代, new best [0, 0, 1, 0, 1, 0, 0, 1, 1, 1, 1, 1, 1, 1, 0, 1, 1, 1, 1, 1, 1, 1, 0, 1, 0, 0, 1, 1, 1, 1, 0, 1, 1] = 96.6216359492278
拠点利用数 : 23
0世代, new best [1, 1, 1, 1, 1, 1, 1, 1, 0, 0, 0, 1, 0, 1, 0, 1, 0, 1, 1, 1, 1, 0, 1, 1, 1, 1, 0, 1, 1, 1, 0, 1, 1] = 94.6505676911847
拠点利用数 : 24
0世代, new best [1, 1, 0, 1, 1, 0, 1, 1, 1, 1, 1, 1, 1, 0, 0, 1, 0, 1, 1, 1, 1, 1, 1, 0, 1, 1, 1, 1, 1, 1, 0, 1, 0] = 93.22540499172008
拠点利用数 : 25
0世代, new best [1, 0, 0, 1, 1, 0, 1, 0, 0, 0, 1, 1, 1, 1, 0, 1, 1, 1, 1, 0, 1, 1, 0, 1, 0, 0, 0, 1, 1, 1, 1, 1, 0] = 84.91990528488981
拠点利用数 : 20
0世代, new best [1, 0, 0, 1, 1, 0, 0, 1, 1, 1, 0, 1, 1, 1, 1, 1, 1, 1, 0, 0, 0, 1, 0, 0, 1, 1, 1, 1, 0, 0, 1, 1, 0] = 73.63038728564977
拠点利用数 : 20
1世代
rank = 0, pop_id = 0, calclation_time:124.80837225914001[sec]
pop_index = 0, scores = 101.37141519105367, rank = 0
1世代評価 : [101.37141519105367, 90.84141218476655, 104.46967359932687, 107.04257153302551, 93.96832991694947, 104.17867841355746, 96.94365246662495, 94.8603131968775, 95.65868287472284, 104.10002096249836, 92.53171118067655, 95.12619350709485, 105.29148984758817, 91.08123078309757, 100.858585215096, 105.48900545615082, 102.89046319686375, 97.03797727045836, 98.66210010107172, 88.95204792962494, 107.94163914709267, 88.75105958229086, 100.91424697410523, 100.1298834611137, 94.76026416845217, 100.02515735043524, 93.37023493860411, 102.3754723196045, 87.53263164595658, 107.50221724302202, 95.6839966207979, 85.37950022762958, 98.5706216883663, 91.06509623238873, 103.53359119910918, 102.63437906068579, 77.59710476060297, 92.90557465278314, 103.16233711991718, 94.51286847118534, 113.6406282970462, 92.71429416957771, 97.54761685239575, 104.64384587969744, 107.28505272898069, 113.75307295841908, 90.18589522063485, 102.89469103820643, 90.35511218465378, 98.47219255458452, 97.38786623876115, 117.2141832464684, 95.50821505739255, 102.36829081885577, 87.61059249626615, 97.43688861845068, 94.74357907432082, 99.32434921230688, 120.51615900337437, 98.93998126288407, 98.74005278975213, 94.45960676477259, 95.6594675980942, 93.8177774655137, 104.39081047766643, 101.12226489228263, 94.27159095069638, 99.95451982552194, 102.1736961661047, 120.8755014370615, 103.30523622485936, 104.55945362889645, 73.75302808924216, 100.54628879640522, 105.40639473232434, 97.40219252639994]
2世代
rank = 0, pop_id = 0, calclation_time:171.25219559669495[sec]
pop_index = 0, scores = 90.2120412721005, rank = 0
2世代評価 : [90.2120412721005, 105.05862876101453, 94.98230876067527, 94.85318578717839, 105.35893645271388, 105.71757740907086, 96.16312599665667, 78.41150363794596, 92.06562770461073, 102.51738093542299, 116.71195416637443, 77.9512344945637, 110.05729077998005, 94.12941459373411, 108.45698084646614, 100.11145848089123, 88.14654091571613, 90.77796640516355, 82.88364414850419, 100.5360684734484, 87.45379184796926, 97.3036586646327, 98.04507834980612, 111.54303081683703, 98.2001865177557, 92.19334499380288, 82.2931463566101, 88.99281353476651, 84.86423356948869, 108.33593531619057, 77.85678639574321, 103.81488449994154, 99.0856714936283, 100.00773683421181, 105.12102373050125, 97.61282922233643, 111.95736765540775, 92.00102497570761, 92.84780819166483, 91.0367200871856, 89.87483574201552, 94.55017196467207, 96.84089589861738, 105.20992890119219, 107.27641066294873, 106.88217105770008, 102.40677793010154, 113.51603314194493, 99.91678680165484, 97.77207220833597, 97.63530383252626, 108.49406006943228, 93.7790534747014, 103.32145357639014, 66.14075955835857, 99.15423153590433, 97.60718856888538, 99.98244965177685, 91.73337010117187, 101.41820903720115, 101.85776703683001, 87.7718470199473, 100.68453446259124, 91.68360582204718, 96.20106231484712, 89.89155485371269, 95.76991889345426, 95.12736785639407, 90.69347443682415, 121.32459978147185, 113.94323630170769, 86.88200358328994, 97.94564989044133, 121.05492550820716, 97.29558566688203, 104.06778065928475]
2世代, new best [0, 1, 0, 1, 1, 0, 1, 1, 1, 0, 1, 1, 0, 0, 0, 1, 1, 1, 1, 1, 1, 1, 1, 1, 1, 0, 1, 1, 0, 1, 1, 0, 1] = 66.14075955835857
拠点利用数 : 23
3世代
rank = 0, pop_id = 0, calclation_time:131.4777181148529[sec]
pop_index = 0, scores = 100.69770554337975, rank = 0
3世代評価 : [100.69770554337975, 102.76919741668976, 86.89306476863322, 99.82259763722729, 83.55725433990271, 105.42443519305677, 105.29541831610648, 97.85995940129416, 66.09691302072845, 88.44158308092067, 103.03341352382817, 119.2208848768547, 103.50348994060029, 105.23089274630702, 110.9223314548852, 88.48955513017314, 93.01319940390579, 81.14257390513283, 115.18762035839923, 103.12088752466117, 93.84380718885252, 90.61530729172368, 85.75816646798712, 104.1835383972172, 107.61986898801969, 97.0772161266646, 84.80863703940005, 96.96983721138335, 97.0180550104211, 99.77487501145995, 98.66693201460176, 109.27353513022649, 101.32240714797935, 94.98291985271587, 103.33838823366608, 101.3019699399385, 88.73227329751059, 103.22552382229784, 104.1930706886709, 94.6772935436196, 94.46792452390521, 81.89748982152629, 99.5537656303664, 105.41535797576759, 110.90330216364777, 99.39334902595148, 100.69749241328662, 97.3435018696864, 103.30038028491457, 100.58872197448356, 97.96885581879562, 97.37502460713799, 97.15417159577383, 92.09172681997728, 96.26113285008698, 91.23893937941399, 96.01152641034481, 97.88883638899308, 95.0033937694042, 102.90787608229432, 97.70198663021132, 92.33565350926486, 101.99976683323074, 95.27718411561662, 87.05645998432972, 103.05056574459168, 113.43545267129623, 92.44324166712022, 100.90771996032163, 97.34764765213782, 95.19466562701342, 107.22228591024971, 108.16252891115143, 88.76797536258519, 103.93890640597125, 59.92995660855913]
3世代, new best [1, 1, 0, 1, 0, 0, 1, 1, 1, 0, 1, 1, 1, 0, 1, 1, 1, 0, 1, 0, 1, 0, 1, 0, 1, 1, 1, 0, 0, 1, 0, 1, 1] = 66.09691302072845
拠点利用数 : 21
3世代, new best [1, 1, 0, 1, 0, 0, 1, 1, 1, 0, 1, 0, 0, 0, 1, 1, 1, 0, 1, 1, 1, 0, 1, 1, 0, 1, 1, 1, 0, 1, 0, 1, 1] = 59.92995660855913
拠点利用数 : 21
4世代
rank = 0, pop_id = 0, calclation_time:118.67958974838257[sec]
pop_index = 0, scores = 106.53465626835226, rank = 0
4世代評価 : [106.53465626835226, 96.2843024065316, 104.72291881993374, 109.24021574729106, 99.49062518730616, 90.36604853451027, 100.34371454457097, 93.80570544523552, 99.15601109912434, 91.0581829520391, 91.37662114633298, 98.0448603579645, 90.92047807904143, 94.46812471775567, 98.8236736541969, 99.95785942451401, 101.04809967095959, 102.62497493538892, 95.91708101562334, 101.43027205593307, 116.12526177153791, 101.0847107988382, 108.04142467401364, 95.6400393709782, 105.11681135152256, 96.1762421445584, 69.8680771852939, 140.15467246076827, 98.46216137870785, 107.77588847467942, 99.59240044254786, 97.80269791969941, 112.93844666618897, 71.76477930811022, 105.55632978162747, 104.78519348867896, 103.04112942663505, 107.55454758238194, 90.62190343623503, 99.48316894241727, 103.0787365907726, 91.80250425511518, 122.18406352641082, 116.91004951874608, 108.55383214567507, 104.00010707854597, 90.54980044380324, 101.38702753677269, 97.6516167920175, 97.3486763847747, 93.90492063899072, 96.75994511343929, 102.46488662293231, 76.90773150851625, 103.77361309258492, 92.24302229853099, 77.36282778105142, 101.74193589375278, 70.24372053052542, 103.77672318803025, 96.79143336047822, 107.39038670052699, 99.21438339461804, 97.85206975947158, 95.17068862087349, 104.03910171831403, 98.32092562300674, 97.49311510541376, 100.51740439310828, 102.50013298109339, 92.31510572202286, 100.6493964946296, 114.7864939763457, 104.2708925067923, 115.41991664429749, 99.07744943487573]
5世代
rank = 0, pop_id = 0, calclation_time:144.27220392227173[sec]
pop_index = 0, scores = 94.11826666860803, rank = 0
5世代評価 : [94.11826666860803, 98.16107345197979, 90.14296497091576, 103.88282151871155, 98.34232322546202, 95.77646321543031, 104.39229319108165, 102.58468233438863, 100.43828310300846, 107.1336702555583, 85.35722126055391, 100.22826117035135, 102.54145720866721, 97.68172325061286, 103.36078680380956, 99.0418862865067, 108.48378900121412, 106.82246602589301, 104.83509833147909, 95.5848415234676, 109.60914427103832, 101.09752350428815, 89.55789400315646, 104.80788710252553, 100.11451398025379, 101.37717050866928, 91.23205513281673, 113.84762314090787, 91.82288429010423, 104.77124893070548, 101.27764690126521, 92.7318963058865, 105.38588878494717, 102.06588069127389, 108.04717866158109, 102.53541312893195, 111.87260797857357, 112.52624192300557, 101.03981170234754, 111.61155378360645, 101.7214194009579, 99.41425764284799, 100.02083248894498, 108.40057004964741, 128.0193102850164, 69.07027775130767, 103.82199542974098, 79.58574948436598, 97.10534537956366, 96.49293264062254, 109.51322317464742, 93.46891976073243, 105.93501439432214, 85.2478374486625, 95.51246645970767, 95.02900457901917, 104.63154936123718, 102.79776450050365, 99.5994330816314, 104.22897124233762, 88.52176181975375, 110.54161142211548, 116.93272999010807, 99.2422597889308, 98.25788120018036, 88.86075788178235, 106.35276139397243, 94.04141603140974, 72.65115354574249, 100.26901779186815, 89.7018355874058, 98.4024190320448, 116.50320799113231, 86.84033964821275, 107.3695561671447, 70.72807024145916]
6世代
rank = 0, pop_id = 0, calclation_time:144.6633665561676[sec]
pop_index = 0, scores = 94.97455806575057, rank = 0
6世代評価 : [94.97455806575057, 99.56527513874899, 93.60662631445997, 106.8422829108604, 94.86287306227234, 106.7728833687481, 110.3954686730712, 92.50748810707829, 101.14268844837392, 109.44242963251715, 94.39741003854778, 107.53805868767049, 100.20582529652434, 117.5106808775769, 87.81561425408466, 100.09868711464986, 99.61508874031189, 106.62303687155004, 95.71915064061189, 108.94357803366918, 95.4196349971876, 95.2169461114166, 97.98206137267705, 98.67017014128756, 98.22081860598601, 104.88376775078864, 89.28863664489167, 102.36395274215174, 98.0841152916736, 107.63750963430431, 107.83022155008179, 96.03939876871893, 87.92703456969217, 116.7827443983634, 86.37692531732712, 107.73033670824749, 100.06103969399793, 94.03921079468967, 91.59637540961825, 95.35356098455178, 85.69991037316038, 96.37546717316177, 97.35888847512989, 105.80398431063898, 110.79675658401793, 89.1691795161833, 104.62115450275799, 66.29616598455426, 103.66559272627478, 76.29145295000582, 93.36066276160412, 123.33371323266456, 90.67000156628507, 92.20482194409945, 95.71669024013065, 96.2342245608327, 88.09434400177467, 88.00845311040463, 108.10907363950807, 102.3645381891119, 93.3076186078492, 101.39691820131974, 98.07205497197745, 90.91858032061093, 110.72274149268473, 102.29586403305605, 100.21972332370167, 133.89005104985054, 92.22217909621257, 95.48888047330593, 113.08272971898504, 102.62759494065946, 108.24307736004205, 78.03952088087631, 103.96271122674412, 96.73726608351625]
7世代
rank = 0, pop_id = 0, calclation_time:100.63339519500732[sec]
pop_index = 0, scores = 116.75729134028177, rank = 0
7世代評価 : [116.75729134028177, 112.54585552541923, 90.11840568266808, 96.83426847196877, 98.65337186973971, 98.68240889948208, 88.16714206245852, 89.3134224489856, 101.21486685836142, 90.71391129316495, 90.36778521501702, 89.05878279431202, 100.17406593266861, 102.27656606556252, 120.57188306705046, 97.99901357868995, 117.72987088043409, 104.79440049028806, 93.05186269545948, 99.62070912707193, 94.18171477902965, 94.99342856070808, 108.0958211057689, 96.03835913314454, 102.95784977707778, 94.8100174156748, 99.10880722724374, 111.09776794070271, 121.39410961283944, 104.40369791853034, 102.5685506145397, 113.06385847303898, 85.32026771678636, 98.40638650426706, 102.21569162197292, 102.49459944548687, 97.26219383057187, 105.56146521581405, 93.94057892022855, 100.61377197203333, 91.76923370316173, 96.18391613862818, 99.86629245217928, 102.35622649899737, 93.75087950882383, 113.41148052292291, 93.76872108324413, 96.51024042301393, 113.64766333255112, 98.66163555397983, 99.45075142677156, 104.56456418079881, 109.18771552064352, 94.02014426197421, 97.98541577257303, 84.15996555644763, 100.62147260801616, 94.70643324475503, 77.1637010517661, 97.43444068943333, 110.7846740563547, 107.52834427900964, 85.92387159625167, 100.48634632553839, 101.49019010776536, 95.60139067926534, 99.45673027470544, 117.6826149866065, 82.75879897600012, 106.8410489004763, 103.95621229112675, 101.09537909384218, 102.74997064343033, 103.9310614034438, 88.04112857522655, 94.7448442618417]
8世代
rank = 0, pop_id = 0, calclation_time:124.19956159591675[sec]
pop_index = 0, scores = 105.14002654310079, rank = 0
8世代評価 : [105.14002654310079, 102.32054341591041, 101.28071582394388, 106.42589399588637, 99.89911922765239, 92.72511091002373, 92.36981430539099, 90.8047115076767, 89.57852804380144, 82.23323751620951, 89.6502399893129, 86.10253457569068, 92.11397954753132, 92.48011246108236, 96.98942860922178, 104.3092124452073, 99.53207648467175, 104.86702305493408, 101.45853804790272, 110.63236190599109, 103.67831559324348, 92.22438046876434, 98.8613461377026, 71.01446411919929, 110.17791899095859, 105.44141832692041, 100.1046183044402, 103.9180197813871, 84.58344690288712, 104.80941739583162, 90.28450031325252, 105.48937354068597, 101.85560272807275, 94.85820604946097, 118.91907988044291, 103.95556152258261, 93.18362810500587, 100.37488956158381, 112.00870271679294, 96.83939601430812, 89.83911720196747, 92.51629381753614, 81.87077235531119, 97.97664108263483, 82.64781046918841, 101.56008203039535, 85.46116391099137, 120.42435843839787, 96.86087746847443, 103.70378589303066, 96.11094669768714, 96.45148945110216, 95.67514281778452, 76.26513010273906, 92.92337953321602, 100.6035109734337, 92.6264563495814, 104.5220438618664, 101.07462250139854, 103.32884407092827, 113.4237031110371, 92.23634924473876, 111.65231268025218, 71.75347713920269, 104.92734299775735, 74.80089959707007, 103.11004676947078, 96.18746654608466, 101.37453540793689, 99.79515193916555, 93.11339834954018, 110.82581298814141, 104.43881850647914, 102.82129090046108, 124.03145804901038, 98.1624443251029]
9世代
rank = 0, pop_id = 0, calclation_time:99.45704865455627[sec]
pop_index = 0, scores = 116.09548027373597, rank = 0
9世代評価 : [116.09548027373597, 97.92536589477324, 105.60718169725911, 101.34042339796194, 98.19912515063783, 104.66456312074266, 99.48697573804563, 78.8163884150375, 106.20042544260009, 101.52648165828496, 104.70187696875885, 87.50245740991376, 104.70353846752263, 93.15218326437244, 107.39645103815427, 100.15078832842364, 92.54623331148358, 105.16304176021191, 94.97061286610081, 100.18364158838106, 75.66835242220533, 101.78781510670207, 82.02524280626763, 100.19264831743095, 93.04987141299084, 83.12730051842759, 97.3341968643133, 102.9383336075073, 106.6590841435242, 108.48412672279605, 93.27643267827698, 102.11584166435874, 106.66492918071053, 102.99756435394411, 90.78712480748582, 102.37758130593897, 105.09307124009078, 75.84343514254778, 92.60942903810692, 91.29725856805314, 109.99958093551291, 110.97635649159811, 111.8316426643142, 106.74781610101472, 99.00334288010589, 100.20528456275954, 87.07288626354887, 104.86937145683063, 110.14823145373859, 85.31590819111192, 98.22995934313742, 103.0747545818727, 115.06428477457658, 97.22560895171097, 100.37232461794146, 100.55376368572976, 108.92117065184993, 81.8097873222082, 81.54743712064322, 94.15435150928597, 93.09719621523591, 85.35465270785038, 102.55428411088067, 96.89780134343626, 98.47030200673176, 73.82409418967356, 96.96271606004588, 96.74813069931828, 91.43160137755503, 97.63179763832976, 105.28437239011065, 84.04006324306258, 74.69765347136699, 79.22890672042026, 118.43274183705749, 89.43983979380828]
10世代
rank = 0, pop_id = 0, calclation_time:144.75248098373413[sec]
pop_index = 0, scores = 96.85094839542464, rank = 0
10世代評価 : [96.85094839542464, 85.85659501498684, 91.34875998085685, 104.03755935145642, 89.70049518043365, 107.09928309366755, 105.58656966714543, 104.17268934677011, 106.46843385866597, 116.76374347859772, 96.67521829361826, 99.49727818181577, 82.8410893757719, 95.34825069811018, 89.39276596263086, 98.05968752061877, 105.57954827425527, 108.79971261382488, 100.1498771346195, 108.84364938144697, 94.26832323611367, 104.5126628326519, 96.86396230268241, 97.78312605432377, 106.6899313765536, 103.90750643465107, 102.27632210211388, 94.32365406480083, 90.52373139704702, 104.51344812022353, 113.18423532100255, 100.08678800236913, 100.1975199499726, 120.32457604347472, 76.84160337492096, 89.87998535702384, 101.25258676599431, 103.85509552185462, 109.69670289174546, 107.8712570592991, 94.6859875927913, 97.0204784374007, 98.39765293777195, 105.04160964384691, 100.18735087750821, 88.64995557856172, 101.36083062095523, 96.73077472639527, 103.66311442927788, 97.95114408306426, 121.04123209303074, 105.23567862819962, 104.1297054655495, 97.86416979833018, 108.09385779931827, 76.96702744959813, 121.20850595579795, 100.03885902771879, 100.82895299129972, 103.34928919192888, 99.3146626966835, 103.83202158375087, 97.04771883635135, 87.33794377172484, 130.12286432887618, 102.8437442593048, 88.90434267045613, 101.33267073602678, 90.8697101936737, 95.40668356390066, 107.93005224913932, 104.56171407907594, 97.08235270559247, 84.18949559313252, 102.58447755360852, 98.20312267808656]
11世代
rank = 0, pop_id = 0, calclation_time:138.84732174873352[sec]
pop_index = 0, scores = 98.26809868264318, rank = 0
