Popularity : [[7, 6], [8, 1], [15, 4], [7, 18], [5, 5], [5, 4], [1, 16], [7, 6], [3, 15], [4, 8], [4, 2], [3, 17], [16, 1], [3, 3], [5, 3], [15, 4], [7, 3], [9, 7], [2, 6], [2, 5], [12, 4], [3, 6], [2, 3], [8, 5], [3, 16], [18, 6], [4, 17], [4, 2], [6, 3], [3, 3], [4, 5], [5, 2], [15, 3]]
Distance : [[0.0, 110.86027241532469, 277.62204523416364, 392.3378646014172, 482.83019789569914, 255.88278566562465, 413.19244910816076, 425.5161571550486, 337.4151745253909, 531.0084745086466, 333.65401241405743, 123.06502346320826, 549.968180897768, 476.8070888734772, 394.4058823090751, 401.51961346863243, 337.33662712489433, 184.5453873712372, 269.9425864883124, 350.73779380044004, 444.292696316291, 298.00167784762556, 508.2764995551142, 264.7508262498911, 44.0, 417.0431632337353, 142.35870187663275, 349.2806894175514, 244.95101551126504, 365.0150681821231, 284.33958570695006, 328.63505595112645, 383.31840550644057], [110.86027241532469, 0.0, 228.00877176108818, 470.67292252688594, 436.6062299143245, 300.5628054167714, 475.2367830881781, 470.9670901453731, 393.0203557069277, 569.8912176898325, 431.0556808580534, 139.44532978913278, 597.5257316634992, 527.4438358725979, 441.50877680970285, 452.1106059362023, 316.5090835979277, 288.0850568842473, 236.75514777930383, 302.1340761979688, 484.1260166526893, 405.96674740673035, 565.3538714822779, 225.86943130932968, 153.7595525487766, 491.98069067799804, 48.08326112068523, 342.11255457816804, 327.3912033027155, 304.9622927510875, 312.92970456637704, 336.55460181076114, 409.6059081605147], [277.62204523416364, 228.00877176108818, 0.0, 426.0575078554537, 209.49701668520245, 227.1255159597882, 389.6074947944405, 349.89426974444723, 310.195099896823, 423.30603586530634, 450.8491987350094, 167.80047675736802, 465.0344073291782, 408.89729761885195, 329.1959902550455, 345.17242068276545, 108.93117092916977, 361.4374081359039, 40.311288741492746, 74.81310045707235, 349.665554494577, 477.4358595664972, 456.0405683708413, 27.294688127912362, 297.06901555025894, 435.00459767685214, 182.70194306574848, 150.41608956491322, 327.6049450176233, 89.05054744357274, 200.30227157973022, 173.46181135915768, 262.23081436017395], [392.3378646014172, 470.67292252688594, 426.0575078554537, 0.0, 509.06188228937356, 200.0024999843752, 84.07734534343957, 158.93709447451215, 122.09013064126027, 237.9768896342668, 126.01587201618692, 340.28223579846184, 221.00226243185838, 160.099968769516, 146.37281168304446, 132.5481044753187, 366.5801413060997, 236.22446951998856, 386.58763560155415, 448.23208274285764, 187.83237207680682, 227.06827167175956, 157.53729717117784, 398.84834210511644, 357.3583635512117, 29.732137494637012, 466.460073318178, 329.4237392781522, 147.41099009232656, 487.01642682767897, 228.70505022845472, 282.19496806286253, 225.055548698538], [482.83019789569914, 436.6062299143245, 209.49701668520245, 509.06188228937356, 0.0, 345.86268951709724, 443.0722288747062, 375.5649078388448, 388.63093031821336, 397.04533746160524, 577.2347875864725, 364.4722211636986, 449.32171102674306, 422.0426518730068, 371.40409259996045, 388.34649476981247, 163.22070947033652, 529.8697953271162, 213.15252754776333, 134.72935834479432, 358.8049609467517, 631.2527227664052, 470.03191381011567, 218.28421839427605, 496.4886705656031, 505.6678751908213, 390.10383233185496, 184.91078930121952, 463.88145037282965, 137.48090776540573, 299.0551788550066, 232.606964642076, 287.6421387766403], [255.88278566562465, 300.5628054167714, 227.1255159597882, 200.0024999843752, 345.86268951709724, 0.0, 178.94133116750865, 171.8254928699464, 94.81033698917012, 275.49591648516315, 234.15593095200472, 161.19863522995473, 298.1358750637031, 227.03523955544875, 141.53444810363305, 151.5585695366646, 186.01075237738274, 199.55199823604875, 188.47015678881365, 258.30408436569485, 188.67962264113208, 286.89545134072796, 265.2036952985384, 199.83242980057065, 238.43657437566074, 211.9929244102265, 284.39760899135564, 162.3730273167314, 118.1397477566293, 294.9440624932124, 48.877397639399746, 117.5967686630887, 133.09019498069722], [413.19244910816076, 475.2367830881781, 389.6074947944405, 84.07734534343957, 443.0722288747062, 178.94133116750865, 0.0, 76.4198926981712, 84.17244204607586, 157.71493271088823, 204.1984329028996, 337.3973918097175, 150.6154042586614, 81.02468759581859, 71.69379331573968, 55.00909015790027, 313.8470965295043, 284.52943608702424, 349.2978671563856, 399.0551340353861, 104.4030650891055, 301.42494919963076, 96.56603957913983, 363.319418693799, 384.51007789133433, 67.17886572427373, 462.5343230507332, 272.0900586203031, 181.12150617748296, 438.8940646670903, 190.06577808748213, 228.06358762415363, 155.43809056984713], [425.5161571550486, 470.9670901453731, 349.89426974444723, 158.93709447451215, 375.5649078388448, 171.8254928699464, 76.4198926981712, 0.0, 93.40770846134703, 107.56393447619885, 271.64867016055865, 331.6338342208165, 126.57408897558773, 59.50630218724736, 31.304951684997057, 31.144823004794873, 260.9291091465266, 325.70692347569155, 310.22733599732953, 347.0518693221519, 29.732137494637012, 363.4184915493432, 106.23088063270491, 325.40590037674485, 403.43524883182926, 143.55835050598765, 450.87692333939646, 216.18741869035765, 219.92044015961773, 387.0142116253614, 162.24980739587951, 178.27226368675525, 93.0], [337.4151745253909, 393.0203557069277, 310.195099896823, 122.09013064126027, 388.63093031821336, 94.81033698917012, 84.17244204607586, 93.40770846134703, 0.0, 200.81085628023203, 201.6382900145704, 254.37374078312408, 213.06337085477645, 139.52060779684126, 62.96824596572466, 65.30696746902278, 244.64055264816582, 233.23807579381202, 270.06665843824555, 327.1238297648155, 118.94956914591998, 282.7330896800019, 172.74258305351347, 283.3972476930572, 312.64196775225173, 125.67418191498204, 378.8469347902923, 207.46565980903924, 128.06248474865697, 366.28540784475706, 110.0, 160.11246047700348, 112.8007092176286], [531.0084745086466, 569.8912176898325, 423.30603586530634, 237.9768896342668, 397.04533746160524, 275.49591648516315, 157.71493271088823, 107.56393447619885, 200.81085628023203, 0.0, 361.61443555256477, 431.6676962664684, 53.150729063673246, 77.87810988975015, 138.7155362603627, 136.3084736911099, 321.46228394634414, 431.65379646193315, 386.0479244860669, 403.8229810201495, 86.82165628459296, 459.04792778096714, 99.90495483208028, 401.8220999397619, 510.3038310653762, 213.50644018389704, 545.8937625582472, 275.87859648765794, 325.75604368913866, 442.2329702769797, 257.0311265197272, 251.33443854752576, 164.62381358722072], [333.65401241405743, 431.0556808580534, 450.8491987350094, 126.01587201618692, 577.2347875864725, 234.15593095200472, 204.1984329028996, 271.64867016055865, 201.6382900145704, 361.61443555256477, 0.0, 322.7506777684595, 347.0014409191985, 284.0422503783548, 250.68905041904003, 241.4560001325293, 419.9154676836756, 151.6377261765686, 415.46359647988413, 491.1781754109195, 301.3784995649159, 101.9803902718557, 283.3972476930572, 424.16977732978575, 292.02225942554446, 154.46682491719702, 439.76925767952446, 392.3263947276553, 123.3288287465668, 526.4190346102617, 278.6000717874997, 344.81589290518497, 314.3405796266209], [123.06502346320826, 139.44532978913278, 167.80047675736802, 340.28223579846184, 364.4722211636986, 161.19863522995473, 337.3973918097175, 331.6338342208165, 254.37374078312408, 431.6676962664684, 322.7506777684595, 0.0, 458.2073766320224, 388.0, 302.07449412355226, 312.70593214712125, 214.5809870421888, 204.43580899636933, 151.79591562357663, 236.2371689637344, 345.46345682285994, 325.7115288103877, 426.2510997053263, 149.58609561052123, 132.03408650799233, 359.13785653979727, 126.46343345014795, 226.71568097509268, 205.70367036103173, 256.8131616564852, 175.5733464965568, 209.4803093371785, 274.05473905772914], [549.968180897768, 597.5257316634992, 465.0344073291782, 221.00226243185838, 449.32171102674306, 298.1358750637031, 150.6154042586614, 126.57408897558773, 213.06337085477645, 53.150729063673246, 347.0014409191985, 458.2073766320224, 0.0, 73.824115301167, 156.6301375853319, 148.44864431849825, 366.5310355208683, 434.49741080931653, 426.6755207414646, 450.45976512891804, 116.81181447096864, 447.49301670528894, 65.5133574166368, 442.30532440837743, 525.6700486046357, 193.31321734428818, 576.82666373877, 320.66493416025395, 329.8302593759402, 489.4374321606389, 287.36040089058895, 291.67104758614624, 203.0369424513677], [476.8070888734772, 527.4438358725979, 408.89729761885195, 160.099968769516, 422.0426518730068, 227.03523955544875, 81.02468759581859, 59.50630218724736, 139.52060779684126, 77.87810988975015, 284.0422503783548, 388.0, 73.824115301167, 0.0, 86.21484790916237, 75.7429864739964, 317.49803148996057, 361.96408661633825, 369.3805625638685, 403.3658389105354, 64.07027391856539, 382.25645841502796, 49.01020301937138, 384.6348918130023, 451.9834067750718, 136.01470508735443, 508.8113599360769, 272.13232075591463, 256.78395588509807, 443.180550114736, 221.23742902140225, 236.47832881682837, 149.11069713471264], [394.4058823090751, 441.50877680970285, 329.1959902550455, 146.37281168304446, 371.40409259996045, 141.53444810363305, 71.69379331573968, 31.304951684997057, 62.96824596572466, 138.7155362603627, 250.68905041904003, 302.07449412355226, 156.6301375853319, 86.21484790916237, 0.0, 17.26267650163207, 246.07315985291854, 296.0760037557924, 289.110705439975, 332.00150602068055, 56.142675390472796, 339.0648905445682, 128.86038956948718, 303.9161068452937, 372.13438432910226, 136.4587849865299, 422.6038333948238, 202.89159667172024, 190.59118552545917, 372.0, 135.95955280891445, 161.11176245079065, 83.81527307120105], [401.51961346863243, 452.1106059362023, 345.17242068276545, 132.5481044753187, 388.34649476981247, 151.5585695366646, 55.00909015790027, 31.144823004794873, 65.30696746902278, 136.3084736911099, 241.4560001325293, 312.70593214712125, 148.44864431849825, 75.7429864739964, 17.26267650163207, 0.0, 263.1539473388153, 295.6095397648729, 305.00655730656024, 349.02292188336287, 60.41522986797286, 332.4169069105842, 115.10430052782563, 319.68265514412883, 377.69034936042516, 120.80149005703531, 434.53423340399775, 220.10224896624752, 189.71821209362056, 389.0115679513914, 150.08331019803634, 178.02527910383964, 100.88111815399351], [337.33662712489433, 316.5090835979277, 108.93117092916977, 366.5801413060997, 163.22070947033652, 186.01075237738274, 313.8470965295043, 260.9291091465266, 244.64055264816582, 321.46228394634414, 419.9154676836756, 214.5809870421888, 366.5310355208683, 317.49803148996057, 246.07315985291854, 263.1539473388153, 0.0, 366.77104574925215, 81.85963596303125, 86.14522621712709, 254.95097567963924, 468.83792508712435, 366.1598011797581, 95.88013350011565, 344.05232160239814, 369.0, 276.40911707105465, 45.880278987817846, 302.9471901173536, 126.14277624977183, 142.29898102235308, 85.84287972802403, 168.44286865284622], [184.5453873712372, 288.0850568842473, 361.4374081359039, 236.22446951998856, 529.8697953271162, 199.55199823604875, 284.52943608702424, 325.70692347569155, 233.23807579381202, 431.65379646193315, 151.6377261765686, 204.43580899636933, 434.49741080931653, 361.96408661633825, 296.0760037557924, 295.6095397648729, 366.77104574925215, 0.0, 334.0538878684096, 418.6096033298806, 352.16615396712956, 122.12288892750614, 379.7472843879203, 337.8905148121208, 141.65097952361643, 264.8811054039151, 304.50779957170226, 354.76471075911707, 105.90561835898981, 447.21918563496354, 247.42675683927152, 314.3564855383137, 324.99230760127233], [269.9425864883124, 236.75514777930383, 40.311288741492746, 386.58763560155415, 213.15252754776333, 188.47015678881365, 349.2978671563856, 310.22733599732953, 270.06665843824555, 386.0479244860669, 415.46359647988413, 151.79591562357663, 426.6755207414646, 369.3805625638685, 289.110705439975, 305.00655730656024, 81.85963596303125, 334.0538878684096, 0.0, 85.80209787645055, 310.80701407786796, 447.09059484627943, 416.27875276069517, 15.811388300841896, 283.7692724732542, 395.0620204474229, 195.2050204272421, 117.51595636338071, 292.64312737530673, 113.6001760562016, 160.11246047700348, 135.07035203922436, 223.6515146382872], [350.73779380044004, 302.1340761979688, 74.81310045707235, 448.23208274285764, 134.72935834479432, 258.30408436569485, 399.0551340353861, 347.0518693221519, 327.1238297648155, 403.8229810201495, 491.1781754109195, 236.2371689637344, 450.45976512891804, 403.3658389105354, 332.00150602068055, 349.02292188336287, 86.14522621712709, 418.6096033298806, 85.80209787645055, 0.0, 340.4717315725345, 529.4298820429387, 452.11724143191003, 86.76404785393545, 367.6424893833682, 452.428999954689, 256.0488234692751, 131.24023773218335, 370.0945825056076, 40.01249804748511, 220.20445045457188, 171.14321488157222, 254.4366325826531], [444.292696316291, 484.1260166526893, 349.665554494577, 187.83237207680682, 358.8049609467517, 188.67962264113208, 104.4030650891055, 29.732137494637012, 118.94956914591998, 86.82165628459296, 301.3784995649159, 345.46345682285994, 116.81181447096864, 64.07027391856539, 56.142675390472796, 60.41522986797286, 254.95097567963924, 352.16615396712956, 310.80701407786796, 340.4717315725345, 0.0, 392.82184256988563, 113.01769772916099, 326.3326523656497, 424.23106911210544, 171.05846953600397, 461.52139712043686, 209.29644048573783, 246.73264883269908, 380.1473398565351, 171.89822570346675, 176.26400653565094, 87.5956619930462], [298.00167784762556, 405.96674740673035, 477.4358595664972, 227.06827167175956, 631.2527227664052, 286.89545134072796, 301.42494919963076, 363.4184915493432, 282.7330896800019, 459.04792778096714, 101.9803902718557, 325.7115288103877, 447.49301670528894, 382.25645841502796, 339.0648905445682, 332.4169069105842, 468.83792508712435, 122.12288892750614, 447.09059484627943, 529.4298820429387, 392.82184256988563, 0.0, 384.5958918137322, 452.6367196770496, 254.0019684963091, 256.00781238079435, 425.48442979737814, 449.17702523615344, 169.49926253526885, 560.6754854637395, 335.40721518774757, 404.2004453238517, 391.6248204595822], [508.2764995551142, 565.3538714822779, 456.0405683708413, 157.53729717117784, 470.03191381011567, 265.2036952985384, 96.56603957913983, 106.23088063270491, 172.74258305351347, 99.90495483208028, 283.3972476930572, 426.2510997053263, 65.5133574166368, 49.01020301937138, 128.86038956948718, 115.10430052782563, 366.1598011797581, 379.7472843879203, 416.27875276069517, 452.11724143191003, 113.01769772916099, 384.5958918137322, 0.0, 431.3722290551398, 480.60066583391244, 129.0348790056394, 549.1784773641443, 320.9143187830671, 277.41665415039523, 491.9725602104247, 264.76404589747455, 284.40112517358295, 197.71696942852427], [264.7508262498911, 225.86943130932968, 27.294688127912362, 398.84834210511644, 218.28421839427605, 199.83242980057065, 363.319418693799, 325.40590037674485, 283.3972476930572, 401.8220999397619, 424.16977732978575, 149.58609561052123, 442.30532440837743, 384.6348918130023, 303.9161068452937, 319.68265514412883, 95.88013350011565, 337.8905148121208, 15.811388300841896, 86.76404785393545, 326.3326523656497, 452.6367196770496, 431.3722290551398, 0.0, 280.87897749742683, 408.0049019313371, 183.12017911743098, 132.9661611087573, 301.01494979485653, 109.60383204979651, 173.64907140552177, 150.7647173578752, 239.26972228010797], [44.0, 153.7595525487766, 297.06901555025894, 357.3583635512117, 496.4886705656031, 238.43657437566074, 384.51007789133433, 403.43524883182926, 312.64196775225173, 510.3038310653762, 292.02225942554446, 132.03408650799233, 525.6700486046357, 451.9834067750718, 372.13438432910226, 377.69034936042516, 344.05232160239814, 141.65097952361643, 283.7692724732542, 367.6424893833682, 424.23106911210544, 254.0019684963091, 480.60066583391244, 280.87897749742683, 0.0, 383.172285010281, 181.24568960391858, 350.28702516650543, 210.35446275275456, 385.87562763149475, 272.8094573140748, 324.18667461818967, 369.88241374793694], [417.0431632337353, 491.98069067799804, 435.00459767685214, 29.732137494637012, 505.6678751908213, 211.9929244102265, 67.17886572427373, 143.55835050598765, 125.67418191498204, 213.50644018389704, 154.46682491719702, 359.13785653979727, 193.31321734428818, 136.01470508735443, 136.4587849865299, 120.80149005703531, 369.0, 264.8811054039151, 395.0620204474229, 452.428999954689, 171.05846953600397, 256.00781238079435, 129.0348790056394, 408.0049019313371, 383.172285010281, 0.0, 485.59345135617303, 329.6846978553903, 172.81782315490494, 491.7529867728309, 235.35929979501554, 283.5242494038208, 218.7647137908671], [142.35870187663275, 48.08326112068523, 182.70194306574848, 466.460073318178, 390.10383233185496, 284.39760899135564, 462.5343230507332, 450.87692333939646, 378.8469347902923, 545.8937625582472, 439.76925767952446, 126.46343345014795, 576.82666373877, 508.8113599360769, 422.6038333948238, 434.53423340399775, 276.40911707105465, 304.50779957170226, 195.2050204272421, 256.0488234692751, 461.52139712043686, 425.48442979737814, 549.1784773641443, 183.12017911743098, 181.24568960391858, 485.59345135617303, 0.0, 305.45212390815027, 328.49505323520475, 257.390753524675, 289.66359798911566, 304.92130132216084, 382.9529997271206], [349.2806894175514, 342.11255457816804, 150.41608956491322, 329.4237392781522, 184.91078930121952, 162.3730273167314, 272.0900586203031, 216.18741869035765, 207.46565980903924, 275.87859648765794, 392.3263947276553, 226.71568097509268, 320.66493416025395, 272.13232075591463, 202.89159667172024, 220.10224896624752, 45.880278987817846, 354.76471075911707, 117.51595636338071, 131.24023773218335, 209.29644048573783, 449.17702523615344, 320.9143187830671, 132.9661611087573, 350.28702516650543, 329.6846978553903, 305.45212390815027, 0.0, 280.4460732476032, 171.05846953600397, 114.5512985522207, 48.02082881417188, 123.3288287465668], [244.95101551126504, 327.3912033027155, 327.6049450176233, 147.41099009232656, 463.88145037282965, 118.1397477566293, 181.12150617748296, 219.92044015961773, 128.06248474865697, 325.75604368913866, 123.3288287465668, 205.70367036103173, 329.8302593759402, 256.78395588509807, 190.59118552545917, 189.71821209362056, 302.9471901173536, 105.90561835898981, 292.64312737530673, 370.0945825056076, 246.73264883269908, 169.49926253526885, 277.41665415039523, 301.01494979485653, 210.35446275275456, 172.81782315490494, 328.49505323520475, 280.4460732476032, 0.0, 404.4119187165482, 166.19265928433782, 234.88720697390056, 227.2003521124032], [365.0150681821231, 304.9622927510875, 89.05054744357274, 487.01642682767897, 137.48090776540573, 294.9440624932124, 438.8940646670903, 387.0142116253614, 366.28540784475706, 442.2329702769797, 526.4190346102617, 256.8131616564852, 489.4374321606389, 443.180550114736, 372.0, 389.0115679513914, 126.14277624977183, 447.21918563496354, 113.6001760562016, 40.01249804748511, 380.1473398565351, 560.6754854637395, 491.9725602104247, 109.60383204979651, 385.87562763149475, 491.7529867728309, 257.390753524675, 171.05846953600397, 404.4119187165482, 0.0, 258.54400012377005, 211.0852908186641, 294.334843333235], [284.33958570695006, 312.92970456637704, 200.30227157973022, 228.70505022845472, 299.0551788550066, 48.877397639399746, 190.06577808748213, 162.24980739587951, 110.0, 257.0311265197272, 278.6000717874997, 175.5733464965568, 287.36040089058895, 221.23742902140225, 135.95955280891445, 150.08331019803634, 142.29898102235308, 247.42675683927152, 160.11246047700348, 220.20445045457188, 171.89822570346675, 335.40721518774757, 264.76404589747455, 173.64907140552177, 272.8094573140748, 235.35929979501554, 289.66359798911566, 114.5512985522207, 166.19265928433782, 258.54400012377005, 0.0, 68.81860213634101, 99.31767214348109], [328.63505595112645, 336.55460181076114, 173.46181135915768, 282.19496806286253, 232.606964642076, 117.5967686630887, 228.06358762415363, 178.27226368675525, 160.11246047700348, 251.33443854752576, 344.81589290518497, 209.4803093371785, 291.67104758614624, 236.47832881682837, 161.11176245079065, 178.02527910383964, 85.84287972802403, 314.3564855383137, 135.07035203922436, 171.14321488157222, 176.26400653565094, 404.2004453238517, 284.40112517358295, 150.7647173578752, 324.18667461818967, 283.5242494038208, 304.92130132216084, 48.02082881417188, 234.88720697390056, 211.0852908186641, 68.81860213634101, 0.0, 88.76936408468859], [383.31840550644057, 409.6059081605147, 262.23081436017395, 225.055548698538, 287.6421387766403, 133.09019498069722, 155.43809056984713, 93.0, 112.8007092176286, 164.62381358722072, 314.3405796266209, 274.05473905772914, 203.0369424513677, 149.11069713471264, 83.81527307120105, 100.88111815399351, 168.44286865284622, 324.99230760127233, 223.6515146382872, 254.4366325826531, 87.5956619930462, 391.6248204595822, 197.71696942852427, 239.26972228010797, 369.88241374793694, 218.7647137908671, 382.9529997271206, 123.3288287465668, 227.2003521124032, 294.334843333235, 99.31767214348109, 88.76936408468859, 0.0]]
0世代
rank = 0, pop_id = 0, calclation_time:145.93342280387878[sec]
pop_index = 0, scores = 72.55775986231473, rank = 0
0世代評価 : [72.55775986231473, 62.540723451444194, 93.47389450114818, 96.22712653014926, 84.13183951815311, 57.69545021867533, 83.6694000455127, 96.13858056663885, 69.99578619304833, 76.78757216860257, 72.25182986443494, 77.9510442211983, 56.79921299184854, 70.85357399850628, 94.37737336787187, 89.8498432429156, 98.26514112262487, 69.51312136001634, 79.56610508435563, 68.62207366704845, 98.48133596392293, 95.54902857106909, 86.84142135601877, 81.33975322652704, 64.11529455461628, 84.9071024476191, 87.4374530956709, 92.26699117818679, 83.34047298987045, 107.67229830210108, 55.9082829187202, 75.1844254037631, 52.63105618494781, 82.73144992599889, 94.17502299144721, 64.5999470338034, 65.5965866256386, 92.10720027707589, 95.22925522236561, 93.14623719333024, 71.96314082819949, 77.57546496649663, 58.308921385503844, 93.77902763479041, 93.81485116672128, 74.3439691252199, 91.0694583045526, 76.63960062191346, 59.65622138292576, 63.18616371277999, 60.801993150312974, 96.52547665471477, 52.11811415130202, 61.84959988084218, 70.88632282758495, 88.04244969792951, 80.68842518401546, 99.7202310897548, 76.4209230679476, 51.29776344147373, 61.98402393488161, 65.398877831193, 85.9472618392333, 126.01215528321048, 78.57569375037735, 86.67538697044377, 65.55130307205353, 102.64788492893193, 92.16378397890102, 85.05146442364736, 63.54861521512361, 96.52888180856918, 83.59557295768317, 70.81687208484009, 105.96648404500787, 89.8812432850905]
0世代, new best [1, 0, 1, 0, 1, 1, 1, 0, 0, 1, 1, 1, 1, 0, 1, 1, 0, 0, 1, 0, 1, 1, 1, 1, 1, 1, 1, 0, 1, 1, 1, 1, 1] = 72.55775986231473
拠点利用数 : 24
0世代, new best [1, 1, 1, 0, 1, 0, 0, 1, 0, 0, 1, 0, 1, 1, 1, 1, 1, 0, 1, 1, 1, 1, 0, 1, 0, 1, 1, 0, 1, 0, 1, 0, 1] = 62.540723451444194
拠点利用数 : 21
0世代, new best [1, 1, 0, 1, 1, 0, 1, 1, 1, 1, 1, 1, 1, 0, 1, 0, 0, 0, 1, 1, 0, 0, 1, 0, 0, 1, 1, 1, 1, 1, 1, 0, 1] = 56.79921299184854
拠点利用数 : 22
0世代, new best [0, 1, 1, 1, 1, 1, 0, 0, 1, 1, 0, 0, 1, 1, 1, 0, 1, 1, 1, 0, 0, 1, 0, 1, 0, 1, 1, 1, 0, 1, 0, 1, 1] = 55.9082829187202
拠点利用数 : 21
0世代, new best [1, 1, 0, 1, 1, 0, 1, 1, 1, 0, 0, 0, 1, 1, 1, 0, 0, 1, 0, 1, 1, 1, 0, 0, 1, 1, 1, 1, 1, 1, 1, 1, 1] = 51.29776344147373
拠点利用数 : 23
1世代
rank = 0, pop_id = 0, calclation_time:122.76708912849426[sec]
pop_index = 0, scores = 72.47838936565003, rank = 0
1世代評価 : [72.47838936565003, 100.60926248852499, 70.76216171682769, 84.42248013984045, 61.33270234690277, 94.03652353779684, 67.4228676849966, 72.85331764602165, 47.89372073900668, 118.5903389798043, 78.33353486780308, 95.25411057885478, 87.16247104421772, 87.55344283338613, 102.96939179527976, 67.4289504303428, 78.13154054983967, 111.15864749141303, 74.50363354625628, 77.81573050078944, 91.07516084436817, 90.92431355286824, 104.59066445570244, 83.74740467992818, 100.93863396816718, 64.98263006793404, 72.43608512444403, 75.60565856482222, 89.06285947081803, 93.37854985239429, 118.53258980944325, 93.7547654824159, 73.81932977956015, 101.91167383545597, 100.47489206357201, 58.17573298819965, 68.79128783286727, 82.97012525331641, 77.15170123106628, 64.29675195918585, 80.35207933595005, 93.39537073098869, 62.35564391536572, 78.63268884035926, 73.81609289582299, 56.39621850956564, 70.6800453287524, 68.32527099428918, 68.38614271132003, 96.34279988956912, 59.174221606002696, 111.2850542537266, 62.00031911117234, 56.740005810731, 88.85388668334072, 76.95375518513735, 64.4980656073319, 72.94724754657048, 97.98435167960486, 102.88437106100626, 94.22910082917979, 110.53742842489586, 74.12465869584213, 101.0781288624323, 46.6312065334379, 76.7547386485519, 67.62773503033576, 59.61889071151716, 90.39953007095951, 63.52309492052469, 107.24750565756698, 84.21358786898834, 90.75278563345196, 96.35860107601495, 73.43208030555225, 59.491056649326005]
1世代, new best [0, 1, 1, 1, 1, 1, 1, 1, 1, 1, 1, 1, 1, 1, 1, 1, 1, 1, 1, 1, 1, 1, 0, 0, 1, 0, 1, 1, 0, 0, 0, 0, 1] = 47.89372073900668
拠点利用数 : 25
1世代, new best [1, 1, 0, 1, 1, 0, 1, 0, 1, 0, 1, 1, 1, 0, 1, 1, 0, 1, 1, 1, 0, 0, 1, 0, 0, 1, 1, 1, 1, 0, 1, 0, 1] = 46.6312065334379
拠点利用数 : 21
2世代
rank = 0, pop_id = 0, calclation_time:148.01581740379333[sec]
pop_index = 0, scores = 93.29907954260757, rank = 0
2世代評価 : [93.29907954260757, 65.41771052584039, 53.14491717934844, 98.38407833658887, 70.45482668241456, 68.87801521331383, 96.47768716540259, 74.99457515651106, 115.3377202890257, 97.86864136773308, 100.84128043668531, 89.26530073106116, 105.58499442059228, 68.64141538462906, 53.17529908360369, 58.71988285547792, 99.95709963814325, 98.7416169134816, 70.40313808968646, 99.2202196281917, 96.50660623600233, 66.15146336251267, 63.56365409001128, 55.54027916840738, 62.381755747424194, 75.92075565794025, 80.0245751188202, 100.3524431268071, 86.9167925489351, 84.24633143994329, 86.51233756808008, 56.690392912391516, 71.53446688167357, 57.17444495589948, 85.0842022536666, 92.70213952902252, 79.93124942060857, 47.747007012162705, 64.46194183167928, 73.14931616884319, 88.3145383676015, 95.54911363413865, 99.35080843035274, 85.75692903034124, 65.39153639692762, 86.93371070500478, 69.94827172538672, 73.4483198363631, 88.96809336881745, 87.35394145438623, 91.86716443995084, 85.94332200715412, 67.4654227017341, 103.02029255948132, 63.450520840636074, 84.66544699897167, 83.0813708213603, 98.19527583665226, 62.00769798238357, 93.80177494239915, 101.34730220812348, 71.72749166385722, 91.09719113488651, 95.26002583358553, 70.30098711263773, 87.3627409383226, 74.27453200864315, 67.1854437913545, 85.04831202353043, 72.40587904734028, 83.37199558837169, 58.32204765469039, 59.86263648478733, 93.70015088973436, 91.08087821414063, 92.83675648375142]
3世代
rank = 0, pop_id = 0, calclation_time:91.18302178382874[sec]
pop_index = 0, scores = 106.14794644631694, rank = 0
3世代評価 : [106.14794644631694, 96.73639897693789, 59.70488314513794, 95.16534602301114, 55.07542169837974, 61.34350068889649, 76.19908999338537, 88.06010761658696, 60.37231679790457, 78.3306381111794, 85.04213734779093, 57.908390337140155, 65.72892472886865, 93.28708479172325, 77.21302443067866, 83.78038972714911, 117.22557492010178, 63.61236607153111, 73.63332982533892, 40.54533473645179, 57.017708621420155, 102.10696940533327, 52.50522177706198, 86.80207042117112, 63.5683717030233, 89.21646820989021, 92.71330148674194, 57.30555544482671, 67.99699887547847, 50.001830203150504, 69.11570427349086, 66.68134974177082, 93.83295683238, 94.524684016782, 102.18099734256073, 104.13934487860807, 88.21164074760262, 67.25770804368776, 99.42948754018454, 77.2023337392103, 89.2566440992931, 71.15990474678242, 74.97045423237805, 64.43342114601967, 71.08288700865761, 82.20239286275726, 78.45921630040812, 73.99289578823623, 92.73472808891464, 63.54672068489551, 98.54005941474833, 97.07759042732269, 103.95389124247241, 87.5604323803091, 91.7160223174049, 80.69876127036277, 75.7414007872747, 99.13115832121758, 99.99736860398866, 60.11366518637233, 105.00962997926362, 98.98058947223595, 64.88929163811038, 89.0604264726467, 88.01807302364831, 64.82457458890218, 99.44501907954552, 82.3574778019829, 98.28279515071901, 78.44888170252987, 93.437282925309, 86.9361143370864, 93.6728957502911, 96.31312608944506, 45.03852450979678, 99.4637528423469]
4世代
rank = 0, pop_id = 0, calclation_time:121.86128044128418[sec]
pop_index = 0, scores = 73.65667043888114, rank = 0
4世代評価 : [73.65667043888114, 85.75923128250152, 85.18545886088997, 67.95491307753421, 93.68527781787198, 80.05330083261035, 82.83757854933073, 89.3166460873562, 92.41167516071701, 83.08500091064313, 78.90418393663785, 74.87172452892989, 66.03424292010958, 61.31691873290975, 62.007412589021335, 73.93457711176214, 90.4118638461463, 83.06793355351651, 86.662996243389, 108.80601294726944, 72.3686736729892, 72.24095833174667, 54.804057331238354, 73.19986230538028, 101.58914726292494, 83.39007369446018, 91.46202710664359, 100.77179549086043, 74.16100111170056, 63.94607182609148, 73.54433985867536, 97.70937531712111, 63.21536267573946, 104.74926687531716, 58.93288047878962, 61.82208389957066, 69.93879650780656, 86.76120809841683, 64.35820826846766, 86.10968507677714, 89.747846898792, 87.73447429432309, 121.86531152883371, 64.59946108911723, 94.96630745319428, 78.27472679777493, 108.63263912972477, 114.74547483759007, 70.76258596584476, 60.50486976537898, 81.53399862389725, 88.21154584324451, 102.48794916215928, 61.85674636613527, 66.57438242425256, 65.63764790352997, 78.6981078453935, 64.65790883405211, 80.49242193121029, 82.32938813618145, 77.82661053938094, 71.37233301867096, 86.78966940028647, 83.0044998418914, 60.37407826705994, 71.952601190418, 87.6052443285357, 92.56479567681559, 57.95562840890221, 60.22300018461724, 92.38952513876669, 72.9779619925027, 57.483758948936675, 107.71415042321173, 89.99827365628293, 105.8020295531599]
5世代
rank = 0, pop_id = 0, calclation_time:122.82964324951172[sec]
pop_index = 0, scores = 80.79387248822954, rank = 0
5世代評価 : [80.79387248822954, 68.89906407877226, 62.8397201753939, 63.34985049302662, 59.700233440684705, 79.61233075270114, 81.74835098909352, 81.85916906833948, 58.91978345443593, 92.62919505156971, 61.79543451769251, 72.13972789001866, 83.6497612641323, 84.20503157607232, 82.17842872265516, 95.98826673442699, 96.582328393497, 63.748260522604035, 89.97255171717283, 78.10361543080997, 68.00394047279633, 92.31780437258486, 93.04960600242426, 87.72270833671372, 83.08541603891587, 73.36778067584753, 93.10794745108883, 84.27318706399865, 94.18769974187296, 85.07627084293009, 82.29712775029536, 110.9477617943012, 92.9135086924426, 62.82978112145363, 73.44469970077814, 88.7265865366644, 112.58922320198045, 60.736350570043214, 94.13837753423186, 94.21267544841142, 66.11974368668703, 64.82305632718187, 99.98080659508823, 77.76363226299996, 92.97724785946218, 75.46489977954957, 62.69908571868828, 63.505765371318326, 102.48373734395493, 80.58493230033002, 93.79691564367981, 81.70831120728839, 58.758977678270625, 76.79165041008204, 74.98545290338133, 84.98405550795441, 65.33591025205082, 64.5721331836543, 89.4531117954175, 80.08346227026938, 79.26628884959776, 89.41283719907317, 60.42509054341902, 74.06940131531839, 85.0737474817609, 90.18205997191497, 87.71739339250294, 57.19249013182728, 89.73926018358831, 65.53165512190917, 81.55624821478196, 77.06468019489847, 64.432429113622, 91.47111106274467, 84.70942173091517, 63.53624974931247]
6世代
rank = 0, pop_id = 0, calclation_time:123.44596004486084[sec]
pop_index = 0, scores = 100.42409584945776, rank = 0
6世代評価 : [100.42409584945776, 57.128143938448694, 84.97474278664555, 73.57127185824957, 61.54578862353418, 50.29143841096246, 82.48209982958198, 119.29597967976444, 77.47102736890358, 96.54651257164832, 81.79651829878377, 69.4047689929558, 113.85932291524672, 91.58280157895823, 102.20926279736548, 102.1480962886699, 42.952011451634114, 89.42197580777075, 49.18770550474901, 102.08892607302138, 57.25591750716269, 93.9451398166029, 68.8228168022585, 64.6430169854514, 64.8013576689335, 95.304494058448, 87.09424590008712, 119.67703151356046, 86.12480981548126, 104.09305322861368, 99.40597630391676, 67.80585189424826, 74.361635710283, 107.55279395579373, 79.4718223147682, 62.80281694377199, 70.59654384963395, 109.40339946958413, 57.764109073163354, 51.613883595147016, 92.87283949116707, 66.31898509489994, 79.15060628620793, 85.28361322071233, 93.72827528859024, 88.49051167278522, 113.15171946522327, 87.30373262724116, 96.3071843417562, 79.9749287419048, 85.33946043136312, 56.42441656876061, 94.63346092357283, 69.51277842788147, 89.6674216851038, 94.02037907310512, 87.72573412631353, 82.767511098435, 63.74788745932958, 93.16249416115697, 81.34994578903914, 54.56234701267745, 89.98357379903297, 97.5855133352816, 91.33096881475424, 94.41630796684215, 48.33806948190702, 58.02331774313687, 75.09147103711433, 86.506692859599, 65.03003309133018, 70.37051490626872, 56.55680930550834, 91.56526875700303, 93.94409568065048, 79.49053262126044]
7世代
rank = 0, pop_id = 0, calclation_time:133.24386024475098[sec]
pop_index = 0, scores = 67.35629369080982, rank = 0
7世代評価 : [67.35629369080982, 69.2896421890509, 69.45970657621821, 94.20526656051808, 82.96104241920472, 63.800413543323984, 98.19966287231534, 59.2060779159539, 98.61395048731671, 87.63569590304452, 47.782895478222244, 74.28575107395001, 75.1427000150294, 100.88376181186322, 93.07255493500347, 42.32941658700581, 67.44091893722603, 113.74653970671356, 63.34885570405865, 95.17863889972804, 75.94994870982376, 72.61949875708902, 91.16373552299551, 59.679979188582685, 79.2249413912444, 85.92567663911478, 102.05572162034363, 90.10651374905962, 61.248919813021786, 70.24169345262342, 99.97542400675857, 102.07853922662338, 70.52574765744107, 63.80093281599271, 86.54462675690628, 78.51938209114083, 75.21095479872703, 83.08379635128935, 80.99892696781771, 50.70197524666542, 88.6468821181632, 86.48236521229983, 74.74183980851174, 102.98895584676079, 76.30918784941342, 68.05193359890937, 72.34128370153627, 86.90423200930535, 59.760598017427114, 61.72796632138871, 59.5809409708436, 90.71606523620717, 78.37940370598223, 84.92364101547875, 95.01551986403436, 105.90475103522134, 79.13161638450578, 57.960363158194546, 80.02842246597596, 84.14522118981152, 53.84575882656292, 66.4883806254875, 67.80584168331798, 73.44760070271245, 55.069125266653856, 94.28431157945995, 58.285049999570454, 59.6369123493101, 89.68138704742736, 102.36454939088235, 100.35666349881274, 69.94210353408859, 90.0224436191319, 74.04935849792489, 91.88693064091801, 65.75937266413882]
7世代, new best [1, 1, 0, 1, 1, 0, 1, 1, 1, 1, 0, 1, 0, 1, 1, 0, 1, 0, 1, 0, 0, 1, 0, 1, 1, 1, 0, 1, 0, 1, 1, 1, 1] = 42.32941658700581
拠点利用数 : 22
8世代
rank = 0, pop_id = 0, calclation_time:117.05628824234009[sec]
pop_index = 0, scores = 87.26792784903603, rank = 0
8世代評価 : [87.26792784903603, 71.04967914316555, 84.19616409162748, 73.88580922862644, 91.65809297859971, 93.50545741871443, 93.52759716203644, 86.74198207616018, 81.94440119324227, 76.94708244719138, 87.57318938526167, 92.13037013076715, 84.73348438182548, 63.881204537690444, 90.08676492218713, 98.025335796793, 92.25230124326318, 85.50946857100905, 73.61635811071942, 77.05913223355506, 76.50095259995241, 96.67024690484108, 73.66833550039573, 56.316759563624906, 64.33358252223611, 84.5871638821409, 109.01892760593537, 60.975573224396975, 65.61670283588191, 57.701306519570906, 97.34845012390697, 90.86869529732574, 79.5092574127499, 58.39740085389291, 85.09729551220124, 117.40798144077809, 63.49285362391077, 62.2187351419746, 59.084999641923645, 77.71161477012518, 71.87246255313909, 62.13554830335539, 63.89672125225579, 60.00673069226295, 87.06625890356464, 68.12622273747945, 76.39203381278044, 88.89960460249962, 80.08484904107544, 90.59813750702821, 66.01713155291274, 86.92573424732346, 71.46147891273759, 79.03392363157457, 57.535091107521104, 97.67860687896055, 101.02528805944728, 111.15899329637396, 88.95326929345889, 91.10959202089842, 53.92926982287889, 75.67488134607348, 82.77397702934276, 61.37717501987083, 101.20388560495773, 66.89705969694829, 80.59996271559542, 60.04669974685703, 80.17580766519276, 62.99878051565061, 48.82630457893737, 65.21309422482155, 70.53504398446205, 92.77177026774814, 92.94720656343242, 104.64416846636017]
9世代
rank = 0, pop_id = 0, calclation_time:130.12548685073853[sec]
pop_index = 0, scores = 91.47599683963038, rank = 0
9世代評価 : [91.47599683963038, 69.18601672953915, 97.7381744400688, 104.60310634845956, 97.51768847021872, 78.47168147405867, 103.53452807920917, 94.29596479212577, 65.74405749116853, 95.9035332649315, 88.00540836523797, 69.9830093838152, 88.8835742947355, 90.84700710386898, 59.77765784859558, 103.80814126689431, 68.09504037496568, 92.28708706515005, 99.12055030846778, 108.0721423012034, 93.07299631423314, 90.16578174059107, 64.77239428685104, 91.43290294040439, 81.03144509444591, 82.56047534052692, 79.81730948768762, 62.64627449850966, 78.02798101374441, 79.711659542073, 74.29160684793814, 92.80451228175801, 79.0088120106128, 73.78738621996094, 85.28894118320652, 124.32702020806884, 79.36971309407139, 75.56169158648592, 111.60552890159343, 89.91208495280472, 66.83029047260996, 93.67617362483688, 57.49818726780415, 63.84836063171121, 92.17539522153865, 67.47031136397425, 88.46264513431991, 113.22007932899879, 91.58921896777132, 92.30201938968285, 85.04648645306361, 86.68105212521411, 70.32390791150672, 79.71212530847838, 79.11026334643398, 74.05328951446876, 77.32017472078192, 85.73633426176116, 100.17709512488028, 94.44168891188961, 104.60621666591452, 81.37431372228384, 72.75621577990371, 93.48078138779725, 85.30085483199102, 68.26950268595819, 101.34092390003816, 91.59630476231023, 86.53722509556468, 66.69654236761158, 99.8056443113393, 100.60185754281584, 102.38076709287914, 90.92554356555142, 86.45623871828693, 92.56060738910728]
10世代
rank = 0, pop_id = 0, calclation_time:154.89634370803833[sec]
pop_index = 0, scores = 82.60615474359278, rank = 0
10世代評価 : [82.60615474359278, 69.16468993745097, 91.06235075272984, 91.1277794278943, 91.69060360124605, 68.99057574179263, 97.70877860299073, 102.2540518284607, 58.59489912735038, 78.09321827466533, 80.88088314223815, 76.63169700988189, 88.94933981731343, 79.72468066891847, 85.56134158706809, 52.165662199664084, 86.81946710420632, 94.58081626987632, 80.17638096670134, 80.48980711653024, 60.62867607951883, 96.05501184333997, 54.61394125925183, 91.39396943299526, 86.47158414032762, 68.48938305253321, 78.51977575356052, 59.69498679254344, 81.60981106693775, 118.29244578333537, 101.9113192891315, 100.62434501883388, 48.020026338944255, 84.81990640609254, 70.4836668605228, 74.88776741199251, 100.63322448508181, 86.73331649571261, 84.86457344729445, 84.97638192517762, 106.53134581637387, 90.84214467522872, 77.27533539773866, 78.68136094060148, 55.486416498287, 85.2109387707626, 79.98549814537004, 90.56457320791813, 63.707625065855446, 93.92591338125283, 57.206997714510926, 115.74532599838501, 68.51449401589419, 71.05916703118827, 79.53463673729739, 65.2271716972502, 91.32530213730368, 93.11859905545444, 92.62450873238289, 80.44516264785035, 100.88267204354224, 103.73361496431114, 93.49887457105643, 91.98586482781995, 58.28568340975333, 91.96043827067129, 87.61790294546542, 81.17972738638561, 78.54692107187077, 61.67154372332766, 83.44187824076202, 51.81707726619467, 89.26632902536532, 65.34142392723122, 82.4503999390208, 75.12022168100383]
11世代
rank = 0, pop_id = 0, calclation_time:112.73838973045349[sec]
pop_index = 0, scores = 61.86497765151201, rank = 0
