Popularity : [[15, 5], [7, 8], [4, 3], [5, 3], [8, 6], [5, 1], [5, 6], [7, 3], [19, 5], [5, 14], [6, 3], [6, 16], [6, 6], [3, 3], [6, 14], [4, 4], [5, 2], [7, 12], [6, 5], [5, 3], [3, 6], [7, 5], [5, 15], [6, 14], [8, 6], [7, 6], [6, 5], [1, 8], [13, 4], [17, 1], [13, 4], [6, 4], [14, 7]]
Distance : [[0.0, 363.3414372184929, 88.0056816347672, 286.11186623417075, 138.31124321616085, 77.02596964660685, 179.7470444819608, 181.077331546497, 166.652332716947, 290.9931270666027, 332.2544205875973, 78.87331614684399, 338.60005906674024, 245.57687187518292, 335.6724594005293, 314.5425249469458, 328.2102984368406, 397.04533746160524, 228.1074308302998, 180.76780686836912, 411.25174771665104, 375.5862084794914, 398.9636574927596, 357.24641355792505, 80.7093550959243, 257.7382393049196, 269.5366394388711, 251.80349481291955, 233.70280272174745, 394.1268831226817, 227.2201575564985, 326.93271479006194, 336.2142174269256], [363.3414372184929, 0.0, 418.8006685763527, 308.5206638136253, 379.11080174534726, 325.7115288103877, 329.6695315008653, 301.8774585821207, 254.32656172724074, 416.27394826003706, 253.14027731674784, 394.2410430181008, 81.04936767180853, 146.4137971640651, 257.4975728040946, 148.03377992877165, 121.93850909372314, 130.17680284904833, 352.8172331391991, 256.2225595063791, 228.4841351166422, 68.0, 57.0350769263968, 244.38085031360376, 340.1543767173958, 139.00359707575916, 261.2374398894615, 242.03305559365234, 380.63630935579437, 352.7903059892661, 315.2459357390671, 186.93849255838134, 344.41980198589044], [88.0056816347672, 418.8006685763527, 0.0, 374.1082730975085, 219.17344729688404, 165.0272704737008, 267.0805122055894, 168.96153408394468, 251.85710234178427, 374.0401048016108, 330.8564643467013, 150.47923444781344, 379.4377419287649, 318.5231545743574, 421.8494992292867, 391.77544588705405, 402.2449502479801, 470.2552498377876, 314.5313974788527, 266.7283262047734, 493.6851223198852, 441.5178365592946, 461.06940909151626, 359.2213802100315, 80.45495634204272, 330.6841393233126, 265.5880268385606, 337.71289581536564, 317.9716968536665, 482.12550233315807, 315.12854520020875, 408.24012541640246, 424.14266467781806], [286.11186623417075, 308.5206638136253, 374.1082730975085, 0.0, 181.24568960391858, 209.0861066642162, 112.92918134831227, 389.89357522277794, 135.67977004697494, 114.9826073804208, 466.17700500989963, 245.88005205790893, 351.2406582387637, 179.17589123540031, 82.365041127896, 164.47796204963143, 192.62917743685665, 236.66220653074288, 84.29116205154607, 119.26860441876563, 179.38784797192923, 265.37709019431196, 299.50626036862735, 476.11448203137024, 336.21719170797917, 179.98055450520204, 429.01048938225273, 72.20110802473879, 106.21205204683694, 108.01851693112621, 61.68468205316454, 135.2368293032634, 53.85164807134504], [138.31124321616085, 379.11080174534726, 219.17344729688404, 181.24568960391858, 0.0, 81.83520025025906, 70.80254232723568, 302.0546308203203, 125.57467897629681, 154.98709623707387, 431.6259955100017, 71.25307010929424, 384.0052082980125, 234.76371099469355, 252.25780463644728, 277.65626231007286, 300.59274775017445, 365.1698235068172, 103.75451797391764, 127.534309109353, 344.223764432382, 366.0122948754591, 396.6787113017284, 451.66912668456763, 213.33541665649423, 244.44426767670376, 375.89892258425004, 180.47991578012218, 100.40418317978589, 283.6511942509673, 120.3536455617361, 272.0827080135744, 221.92341021172146], [77.02596964660685, 325.7115288103877, 165.0272704737008, 209.0861066642162, 81.83520025025906, 0.0, 104.546640309481, 220.98416232843476, 95.71833680126291, 222.03603311174518, 350.9643856575764, 68.54195795277518, 317.7876649588527, 191.4601786273062, 260.93102536877444, 252.05158202241066, 269.56446353330773, 338.0088756231114, 154.3243337908834, 107.78682665335315, 340.8826777646526, 325.613267542955, 352.7846368537043, 371.8843906377357, 138.23530663329106, 203.00246303924493, 294.3076621496627, 177.9100896520487, 163.76812876747417, 317.10093030453254, 150.47923444781344, 258.7856255668, 259.37810239108467], [179.7470444819608, 329.6695315008653, 267.0805122055894, 112.92918134831227, 70.80254232723568, 104.546640309481, 0.0, 313.63673254260254, 80.52328855678958, 123.3288287465668, 421.86490728668105, 132.9661611087573, 347.0518693221519, 183.273020382161, 181.46349495146399, 214.03737991294884, 238.88281646028875, 300.5328601001894, 50.53711507397311, 74.10802925459562, 273.80467490530543, 307.8473647767673, 340.06617003165724, 438.09131468222466, 241.23225323326895, 191.049731745428, 372.9785516621566, 111.83022847155415, 66.70832032063167, 218.8172753691993, 51.24451190127583, 204.15680248279753, 158.5339080449353], [181.077331546497, 301.8774585821207, 168.96153408394468, 389.89357522277794, 302.0546308203203, 220.98416232843476, 313.63673254260254, 0.0, 254.91174943497603, 436.81803992051425, 161.89502771858065, 257.65092664300664, 241.29028161117472, 258.15692901799093, 405.4442008464297, 334.0239512370333, 332.54323027239633, 391.44859177163994, 363.41986737106157, 271.0350530835449, 448.02790091689604, 345.34909873923226, 354.39667041325316, 190.3785702225962, 103.07764064044152, 268.00746258266764, 96.62815324738438, 328.89207956410263, 379.11739606617897, 489.84181120030985, 345.74267888127434, 364.7903507495778, 443.7082374714267], [166.652332716947, 254.32656172724074, 251.85710234178427, 135.67977004697494, 125.57467897629681, 95.71833680126291, 80.52328855678958, 254.91174943497603, 0.0, 195.0640920313116, 346.6208303030849, 157.0350279396288, 266.865134478073, 109.20164833920778, 170.1558109498468, 158.61904047118682, 178.67568385205638, 245.8373446000424, 120.10828447696687, 16.492422502470642, 245.52189311749777, 241.16799124261908, 271.31715758499314, 361.1204785109812, 203.48218595248088, 118.92854997854805, 301.9751645417219, 85.98837130682264, 143.56183336806478, 239.88538930080756, 93.43446901438462, 163.0828010551695, 189.49670181826386], [290.9931270666027, 416.27394826003706, 374.0401048016108, 114.9826073804208, 154.98709623707387, 222.03603311174518, 123.3288287465668, 436.81803992051425, 195.0640920313116, 0.0, 541.6013293927555, 225.53491969094276, 449.480811603788, 276.739950133695, 193.96133635340834, 277.0884335370208, 305.16389039334257, 351.63901945034485, 75.28612089887484, 182.84966502567076, 288.5706152746672, 378.1904282236662, 412.27296782592964, 556.0953155709909, 360.25685281476603, 280.6599365780588, 495.036362300791, 174.26416728633572, 58.309518948453004, 169.07099100673656, 105.60303025955268, 250.05999280172747, 114.28473213863697], [332.2544205875973, 253.14027731674784, 330.8564643467013, 466.17700500989963, 431.6259955100017, 350.9643856575764, 421.86490728668105, 161.89502771858065, 346.6208303030849, 541.6013293927555, 0.0, 402.4052683551745, 172.35138525698017, 294.9254142999548, 452.9293543147761, 353.74849823002785, 339.46575674138325, 376.71474619398697, 466.42469917447556, 359.6804137008297, 461.8625336612616, 316.9858040985432, 309.78218154051405, 29.966648127543394, 261.1225765804252, 299.2824752637548, 65.27633568147036, 395.2973564293088, 488.15161579165135, 548.5736049063972, 438.91229192174603, 393.2352985173127, 516.6439779964536], [78.87331614684399, 394.2410430181008, 150.47923444781344, 245.88005205790893, 71.25307010929424, 68.54195795277518, 132.9661611087573, 257.65092664300664, 157.0350279396288, 225.53491969094276, 402.4052683551745, 0.0, 384.2460149435515, 258.8532402733255, 309.9306374013386, 315.6263613832026, 334.8447401408599, 402.6313450291718, 173.4877517290486, 165.75886099994776, 396.62702883187376, 393.15391388106514, 420.86221023037933, 425.62424742958433, 159.40200751558933, 270.1481075262235, 341.84353145847297, 231.03679360655957, 171.6566340110396, 351.2506227752486, 184.20097719610501, 318.0440221101475, 290.1671931835162], [338.60005906674024, 81.04936767180853, 379.4377419287649, 351.2406582387637, 384.0052082980125, 317.7876649588527, 347.0518693221519, 241.29028161117472, 266.865134478073, 449.480811603788, 172.35138525698017, 384.2460149435515, 0.0, 173.32628190785147, 314.67125702866474, 205.7692882818036, 184.62935844550833, 208.568933448872, 379.5273376187808, 273.5854528296415, 301.8377047355085, 147.05441169852742, 137.44089638822936, 163.47782724271815, 298.9916386790774, 171.30382365843442, 186.01075237738274, 279.95892555873263, 406.02093542082287, 412.15773679502854, 344.37334391616315, 246.78127967899024, 394.1192712872589], [245.57687187518292, 146.4137971640651, 318.5231545743574, 179.17589123540031, 234.76371099469355, 191.4601786273062, 183.273020382161, 258.15692901799093, 109.20164833920778, 276.739950133695, 294.9254142999548, 258.8532402733255, 173.32628190785147, 0.0, 158.51813776347487, 77.10382610480494, 83.72574275573791, 151.99013125857877, 208.95214763193988, 109.89540481748998, 190.04210059878838, 134.30189872075525, 162.87418457201866, 301.3187680845652, 250.13996082193665, 12.206555615733702, 268.3915050816624, 107.18675291284833, 236.31546711969574, 253.65330670030698, 172.46738822165773, 107.05606008068857, 225.39742678211746], [335.6724594005293, 257.4975728040946, 421.8494992292867, 82.365041127896, 252.25780463644728, 260.93102536877444, 181.46349495146399, 405.4442008464297, 170.1558109498468, 193.96133635340834, 452.9293543147761, 309.9306374013386, 314.67125702866474, 158.51813776347487, 0.0, 110.11357772772621, 135.5949851580065, 163.44112089679268, 164.2954655491137, 155.12897859523216, 97.09788875150684, 203.35437049643167, 236.5924766344019, 457.80017474876524, 371.22769293251815, 153.6522046701576, 426.27925119573905, 84.17244204607586, 188.04520733057782, 97.59098319004681, 133.79461872586654, 70.66116330771806, 92.5418824100742], [314.5425249469458, 148.03377992877165, 391.77544588705405, 164.47796204963143, 277.65626231007286, 252.05158202241066, 214.03737991294884, 334.0239512370333, 158.61904047118682, 277.0884335370208, 353.74849823002785, 315.6263613832026, 205.7692882818036, 77.10382610480494, 110.11357772772621, 0.0, 28.160255680657446, 87.65842800324451, 222.80484734403782, 151.6047492659778, 114.35471131527551, 101.1236866416568, 135.2368293032634, 355.34771703220497, 326.03220699802034, 66.27216610312357, 335.8466912149054, 107.07940978544848, 250.7149776140229, 206.93235609734887, 184.74306482247175, 41.036569057366385, 196.65451939886864], [328.2102984368406, 121.93850909372314, 402.2449502479801, 192.62917743685665, 300.59274775017445, 269.56446353330773, 238.88281646028875, 332.54323027239633, 178.67568385205638, 305.16389039334257, 339.46575674138325, 334.8447401408599, 184.62935844550833, 83.72574275573791, 135.5949851580065, 28.160255680657446, 0.0, 68.8839603971781, 249.9059823213522, 173.4041521994211, 122.71104269787622, 73.02739212103907, 107.11675872616759, 339.0235979987234, 333.2566578479716, 71.58910531638176, 326.3372488699382, 134.21251804507656, 277.89386463180506, 231.10603626906848, 211.74749113035554, 65.0, 223.93302570188257], [397.04533746160524, 130.17680284904833, 470.2552498377876, 236.66220653074288, 365.1698235068172, 338.0088756231114, 300.5328601001894, 391.44859177163994, 245.8373446000424, 351.63901945034485, 376.71474619398697, 402.6313450291718, 208.568933448872, 151.99013125857877, 163.44112089679268, 87.65842800324451, 68.8839603971781, 0.0, 304.89670381950674, 239.240464804765, 103.23274674249446, 62.177166226839255, 85.63293758829018, 371.29503093900945, 399.82121004268896, 139.7855500400524, 373.53580818979054, 190.70920271449933, 332.28000240760804, 246.35137507227356, 267.54065111679756, 101.9803902718557, 255.9472601924076], [228.1074308302998, 352.8172331391991, 314.5313974788527, 84.29116205154607, 103.75451797391764, 154.3243337908834, 50.53711507397311, 363.41986737106157, 120.10828447696687, 75.28612089887484, 466.42469917447556, 173.4877517290486, 379.5273376187808, 208.95214763193988, 164.2954655491137, 222.80484734403782, 249.9059823213522, 304.89670381950674, 0.0, 108.67382389517726, 261.00766272276377, 322.01863300125973, 355.53480842246654, 481.22551885784276, 291.6316169416478, 214.46211786700232, 419.81543563809083, 115.7410903698423, 28.071337695236398, 180.56854654119581, 38.2099463490856, 203.7694775966214, 118.59595271340417], [180.76780686836912, 256.2225595063791, 266.7283262047734, 119.26860441876563, 127.534309109353, 107.78682665335315, 74.10802925459562, 271.0350530835449, 16.492422502470642, 182.84966502567076, 359.6804137008297, 165.75886099994776, 273.5854528296415, 109.89540481748998, 155.12897859523216, 151.6047492659778, 173.4041521994211, 239.240464804765, 108.67382389517726, 0.0, 233.20591759215716, 238.65037188322168, 269.7647122957337, 373.4059453195677, 219.73848092675985, 118.45674315968678, 316.36213427020624, 71.06335201775947, 133.5440002396214, 223.43007854807732, 79.30952023559341, 152.43359209832983, 173.1040149736568], [411.25174771665104, 228.4841351166422, 493.6851223198852, 179.38784797192923, 344.223764432382, 340.8826777646526, 273.80467490530543, 448.02790091689604, 245.52189311749777, 288.5706152746672, 461.8625336612616, 396.62702883187376, 301.8377047355085, 190.04210059878838, 97.09788875150684, 114.35471131527551, 122.71104269787622, 103.23274674249446, 261.00766272276377, 233.20591759215716, 0.0, 162.0524606416083, 188.73261509341728, 460.4052562688658, 433.53661898391005, 180.02499826412998, 448.5197877463156, 165.65325230734229, 285.1192732875138, 152.8397853963424, 228.87769659798658, 86.12200647918046, 178.99720668211557], [375.5862084794914, 68.0, 441.5178365592946, 265.37709019431196, 366.0122948754591, 325.613267542955, 307.8473647767673, 345.34909873923226, 241.16799124261908, 378.1904282236662, 316.9858040985432, 393.15391388106514, 147.05441169852742, 134.30189872075525, 203.35437049643167, 101.1236866416568, 73.02739212103907, 62.177166226839255, 322.01863300125973, 238.65037188322168, 162.0524606416083, 0.0, 34.132096331752024, 310.3063002905355, 366.6619696668854, 123.1665539016173, 318.1273329973393, 206.6204249342257, 350.06856471268594, 294.7354746208878, 283.8097954616789, 133.6637572418193, 294.25329225006135], [398.9636574927596, 57.0350769263968, 461.06940909151626, 299.50626036862735, 396.6787113017284, 352.7846368537043, 340.06617003165724, 354.39667041325316, 271.31715758499314, 412.27296782592964, 309.78218154051405, 420.86221023037933, 137.44089638822936, 162.87418457201866, 236.5924766344019, 135.2368293032634, 107.11675872616759, 85.63293758829018, 355.53480842246654, 269.7647122957337, 188.73261509341728, 34.132096331752024, 0.0, 300.0283319954967, 384.3461981079038, 152.46311029229332, 317.9213739275798, 240.3518254559345, 383.6000521376398, 326.58842600435185, 317.3279061160553, 167.37084572887835, 327.9085238294363], [357.24641355792505, 244.38085031360376, 359.2213802100315, 476.11448203137024, 451.66912668456763, 371.8843906377357, 438.09131468222466, 190.3785702225962, 361.1204785109812, 556.0953155709909, 29.966648127543394, 425.62424742958433, 163.47782724271815, 301.3187680845652, 457.80017474876524, 355.34771703220497, 339.0235979987234, 371.29503093900945, 481.22551885784276, 373.4059453195677, 460.4052562688658, 310.3063002905355, 300.0283319954967, 0.0, 288.0433995077825, 304.538995860957, 93.94147114027967, 404.487329838649, 503.86704595557745, 554.4195162510065, 452.2322412212557, 395.60080889704966, 525.4188805134432], [80.7093550959243, 340.1543767173958, 80.45495634204272, 336.21719170797917, 213.33541665649423, 138.23530663329106, 241.23225323326895, 103.07764064044152, 203.48218595248088, 360.25685281476603, 261.1225765804252, 159.40200751558933, 298.9916386790774, 250.13996082193665, 371.22769293251815, 326.03220699802034, 333.2566578479716, 399.82121004268896, 291.6316169416478, 219.73848092675985, 433.53661898391005, 366.6619696668854, 384.3461981079038, 288.0433995077825, 0.0, 262.01717500957835, 196.4993638666548, 288.00173610587836, 302.00165562460086, 442.6849895806272, 282.6888749137468, 347.4147377415069, 389.1040991816971], [257.7382393049196, 139.00359707575916, 330.6841393233126, 179.98055450520204, 244.44426767670376, 203.00246303924493, 191.049731745428, 268.00746258266764, 118.92854997854805, 280.6599365780588, 299.2824752637548, 270.1481075262235, 171.30382365843442, 12.206555615733702, 153.6522046701576, 66.27216610312357, 71.58910531638176, 139.7855500400524, 214.46211786700232, 118.45674315968678, 180.02499826412998, 123.1665539016173, 152.46311029229332, 304.538995860957, 262.01717500957835, 0.0, 275.0509043795348, 108.74741376235114, 242.09502266672067, 249.88197213884797, 177.38658348364456, 98.48857801796105, 224.43930137121706], [269.5366394388711, 261.2374398894615, 265.5880268385606, 429.01048938225273, 375.89892258425004, 294.3076621496627, 372.9785516621566, 96.62815324738438, 301.9751645417219, 495.036362300791, 65.27633568147036, 341.84353145847297, 186.01075237738274, 268.3915050816624, 426.27925119573905, 335.8466912149054, 326.3372488699382, 373.53580818979054, 419.81543563809083, 316.36213427020624, 448.5197877463156, 318.1273329973393, 317.9213739275798, 93.94147114027967, 196.4993638666548, 275.0509043795348, 0.0, 360.5731548521049, 439.682840238279, 518.8622167782117, 395.37956446938426, 372.83910739084223, 481.3003220443552], [251.80349481291955, 242.03305559365234, 337.71289581536564, 72.20110802473879, 180.47991578012218, 177.9100896520487, 111.83022847155415, 328.89207956410263, 85.98837130682264, 174.26416728633572, 395.2973564293088, 231.03679360655957, 279.95892555873263, 107.18675291284833, 84.17244204607586, 107.07940978544848, 134.21251804507656, 190.70920271449933, 115.7410903698423, 71.06335201775947, 165.65325230734229, 206.6204249342257, 240.3518254559345, 404.487329838649, 288.00173610587836, 108.74741376235114, 360.5731548521049, 0.0, 143.69411957348845, 161.0496817755316, 77.6659513557904, 92.35799911215054, 121.37956994486346], [233.70280272174745, 380.63630935579437, 317.9716968536665, 106.21205204683694, 100.40418317978589, 163.76812876747417, 66.70832032063167, 379.11739606617897, 143.56183336806478, 58.309518948453004, 488.15161579165135, 171.6566340110396, 406.02093542082287, 236.31546711969574, 188.04520733057782, 250.7149776140229, 277.89386463180506, 332.28000240760804, 28.071337695236398, 133.5440002396214, 285.1192732875138, 350.06856471268594, 383.6000521376398, 503.86704595557745, 302.00165562460086, 242.09502266672067, 439.682840238279, 143.69411957348845, 0.0, 193.19679086361657, 66.27216610312357, 230.8462691922917, 131.60927019021113], [394.1268831226817, 352.7903059892661, 482.12550233315807, 108.01851693112621, 283.6511942509673, 317.10093030453254, 218.8172753691993, 489.84181120030985, 239.88538930080756, 169.07099100673656, 548.5736049063972, 351.2506227752486, 412.15773679502854, 253.65330670030698, 97.59098319004681, 206.93235609734887, 231.10603626906848, 246.35137507227356, 180.56854654119581, 223.43007854807732, 152.8397853963424, 294.7354746208878, 326.58842600435185, 554.4195162510065, 442.6849895806272, 249.88197213884797, 518.8622167782117, 161.0496817755316, 193.19679086361657, 0.0, 168.19334112859522, 166.4001201922643, 62.03224967708329], [227.2201575564985, 315.2459357390671, 315.12854520020875, 61.68468205316454, 120.3536455617361, 150.47923444781344, 51.24451190127583, 345.74267888127434, 93.43446901438462, 105.60303025955268, 438.91229192174603, 184.20097719610501, 344.37334391616315, 172.46738822165773, 133.79461872586654, 184.74306482247175, 211.74749113035554, 267.54065111679756, 38.2099463490856, 79.30952023559341, 228.87769659798658, 283.8097954616789, 317.3279061160553, 452.2322412212557, 282.6888749137468, 177.38658348364456, 395.37956446938426, 77.6659513557904, 66.27216610312357, 168.19334112859522, 0.0, 167.0269439342048, 109.01834707974616], [326.93271479006194, 186.93849255838134, 408.24012541640246, 135.2368293032634, 272.0827080135744, 258.7856255668, 204.15680248279753, 364.7903507495778, 163.0828010551695, 250.05999280172747, 393.2352985173127, 318.0440221101475, 246.78127967899024, 107.05606008068857, 70.66116330771806, 41.036569057366385, 65.0, 101.9803902718557, 203.7694775966214, 152.43359209832983, 86.12200647918046, 133.6637572418193, 167.37084572887835, 395.60080889704966, 347.4147377415069, 98.48857801796105, 372.83910739084223, 92.35799911215054, 230.8462691922917, 166.4001201922643, 167.0269439342048, 0.0, 160.58953888718904], [336.2142174269256, 344.41980198589044, 424.14266467781806, 53.85164807134504, 221.92341021172146, 259.37810239108467, 158.5339080449353, 443.7082374714267, 189.49670181826386, 114.28473213863697, 516.6439779964536, 290.1671931835162, 394.1192712872589, 225.39742678211746, 92.5418824100742, 196.65451939886864, 223.93302570188257, 255.9472601924076, 118.59595271340417, 173.1040149736568, 178.99720668211557, 294.25329225006135, 327.9085238294363, 525.4188805134432, 389.1040991816971, 224.43930137121706, 481.3003220443552, 121.37956994486346, 131.60927019021113, 62.03224967708329, 109.01834707974616, 160.58953888718904, 0.0]]
0世代
rank = 0, pop_id = 0, calclation_time:147.486590385437[sec]
pop_index = 0, scores = 761.7994075036066, rank = 0
0世代評価 : [761.7994075036066, 756.0074166866322, 744.5369009644438, 748.1414236342395, 732.0107610630864, 734.312234300542, 735.0887423339854, 752.96795173479, 738.4878788237927, 750.2533606536936, 783.8821906473653, 760.0351933056352, 806.0349342614371, 761.5610372366909, 769.4651298414797, 804.218387075191, 757.6755084438223, 767.1466174964278, 748.1126588214346, 762.9991110914842, 698.8876831360377, 782.4872053829413, 764.3355335069637, 775.4410787375659, 769.1447303333125, 784.030347584047, 761.61349096897, 746.7282032096941, 712.8313349169192, 754.907573928788, 759.9849650739346, 713.3262440254526, 710.1960223524453, 711.7898933025668, 739.7986892508413, 775.7236794765082, 797.5791587716888, 777.528697340279, 739.388056980428, 696.4876559809215, 735.0046466814093, 746.4916943955706, 747.6486650571334, 758.7056085147952, 753.092867430114, 783.2546591802144, 744.8135298660115, 740.422647676389, 777.4267560969805, 729.7103358470755, 729.9367138100943, 765.6754032411854, 772.5495273935439, 768.6981197671175, 795.0199023851201, 756.0001137207905, 766.6864061760825, 752.8019906918075, 770.6847214348181, 750.2958854192293, 713.5127149865506, 760.0862790549423, 728.2460064970055, 746.4066298613251, 755.6075698375404, 746.7388415313503, 774.6160420285025, 736.6661185935743, 734.032906509083, 757.3523118312294, 738.5537636356084, 756.7311810590512, 779.6621836796487, 746.1833066155702, 779.8246590893926, 733.77784975042]
0世代, new best [1, 0, 1, 0, 1, 1, 1, 1, 1, 1, 1, 1, 0, 1, 1, 1, 1, 0, 1, 1, 1, 1, 0, 1, 1, 0, 0, 0, 1, 0, 1, 1, 0] = 761.7994075036066
拠点利用数 : 23
0世代, new best [1, 1, 0, 1, 0, 1, 1, 0, 0, 1, 0, 0, 1, 0, 0, 1, 1, 1, 1, 0, 0, 1, 0, 1, 1, 1, 1, 1, 1, 1, 0, 1, 0] = 744.5369009644438
拠点利用数 : 20
0世代, new best [1, 0, 0, 1, 0, 1, 0, 1, 1, 1, 1, 1, 1, 0, 1, 1, 0, 1, 0, 1, 1, 1, 0, 1, 1, 1, 0, 0, 1, 1, 0, 1, 1] = 732.0107610630864
拠点利用数 : 22
0世代, new best [1, 0, 1, 0, 0, 0, 1, 1, 0, 1, 1, 1, 1, 0, 1, 0, 1, 1, 1, 0, 1, 0, 1, 0, 0, 1, 1, 1, 0, 0, 1, 1, 1] = 729.7103358470755
拠点利用数 : 20
0世代, new best [1, 0, 1, 1, 0, 0, 1, 1, 0, 1, 1, 1, 1, 0, 1, 0, 1, 0, 0, 1, 1, 1, 1, 0, 0, 1, 0, 1, 1, 0, 0, 1, 1] = 728.2460064970055
拠点利用数 : 20
1世代
rank = 0, pop_id = 0, calclation_time:128.92566776275635[sec]
pop_index = 0, scores = 757.7557880458936, rank = 0
1世代評価 : [757.7557880458936, 721.2923543134123, 767.8021813650581, 748.8251312127042, 776.0648997943883, 773.9115525800227, 713.7003755495322, 741.9975472772257, 736.025188194982, 770.5710245853086, 746.119567972674, 732.6191921551542, 706.0389932761377, 710.349359656843, 761.9336949756904, 726.9745198331642, 659.0383186061968, 780.6829447530972, 716.3638689955551, 783.8005357343008, 693.6902810033133, 708.300101697863, 696.59984827875, 752.7579941527026, 740.506203416586, 745.3336782455219, 734.3806369471653, 759.7870256642484, 779.2623129410964, 779.3978470249542, 726.7844480940043, 756.5929821688643, 736.9868306281581, 752.9388915862999, 752.2944074466167, 709.2012550838002, 774.4645904907652, 776.5830622190458, 747.3926374865488, 779.0225137374957, 730.3659202397827, 753.5233286406905, 789.8205239516041, 789.0092780843152, 713.6396784052869, 765.0807802032509, 783.1519078530897, 748.3432322722574, 726.2357597311031, 724.3819134531403, 708.1533044793913, 725.0621905672923, 694.3344623756116, 786.1698366454752, 781.8071379905372, 713.7871451828007, 734.4453848715359, 726.0918661712495, 725.1618425738407, 760.0579690099037, 766.90220351678, 692.1671973872326, 734.6720182361034, 739.0760022270467, 760.9332387673254, 758.6835487158778, 710.7310506781764, 763.7867165977472, 762.1534127756861, 700.6931969570022, 727.9833705154281, 746.3723143137462, 746.9364152215894, 742.5814816869353, 694.3078494517963, 791.6039230410782]
1世代, new best [1, 1, 1, 0, 1, 1, 1, 0, 1, 1, 0, 0, 1, 0, 1, 0, 0, 0, 1, 0, 1, 0, 1, 0, 0, 0, 1, 1, 1, 1, 1, 1, 1] = 713.7003755495322
拠点利用数 : 20
1世代, new best [1, 1, 1, 0, 0, 1, 1, 1, 1, 0, 1, 1, 0, 1, 1, 0, 1, 1, 1, 1, 0, 1, 0, 0, 1, 1, 0, 0, 1, 0, 1, 0, 0] = 713.6396784052869
拠点利用数 : 20
1世代, new best [1, 0, 1, 1, 1, 0, 1, 1, 1, 1, 0, 0, 1, 0, 1, 1, 0, 1, 0, 1, 1, 1, 0, 0, 1, 1, 0, 0, 1, 1, 0, 0, 1] = 692.1671973872326
拠点利用数 : 20
2世代
rank = 0, pop_id = 0, calclation_time:142.30932521820068[sec]
pop_index = 0, scores = 757.6865837912112, rank = 0
2世代評価 : [757.6865837912112, 783.6700017353519, 791.9770393566507, 713.8800187238853, 723.0389793115182, 776.088102776554, 736.7411972867098, 752.7380970578383, 770.8989159239807, 778.3497896035674, 788.2452172760014, 690.8048756996743, 681.2626656552035, 715.247140011211, 756.7718233020612, 716.128903486439, 720.5781516083113, 733.9701161571957, 678.3550281221633, 673.1696229422841, 775.0860128812907, 740.4490196147242, 718.041347782146, 744.1706401474164, 751.4568318054868, 724.5911807260264, 797.9461748360387, 773.850465868206, 837.8332870766516, 785.6034108145697, 702.6904245425989, 741.3619341621688, 775.0624356568029, 766.6557377419299, 752.3932861625937, 703.833265865981, 782.5865681543814, 771.9187208783958, 730.5288154308786, 726.8188616800755, 749.3823050212729, 769.9424789711347, 769.7322972764161, 727.4998991578705, 768.9040851851375, 670.2491361976954, 708.303044382979, 705.917360603507, 727.8359912837695, 708.6227286762268, 650.9414060025381, 794.4436653648805, 770.4789217329735, 694.8806594307925, 737.6804866683633, 757.2616200695255, 729.488520677048, 733.9582539328658, 675.0918677453542, 734.8091576726446, 683.0417734217209, 729.175382399323, 682.523640216439, 753.7007310138778, 729.1067375976463, 765.9076862931645, 718.3270215257882, 773.8786620746713, 775.0337432837777, 681.1361829158843, 825.6764757999526, 712.2702769170569, 698.3655527022213, 755.9270852962331, 765.0505959763437, 704.0224199424057]
3世代
rank = 0, pop_id = 0, calclation_time:117.95323443412781[sec]
pop_index = 0, scores = 686.3596132536053, rank = 0
3世代評価 : [686.3596132536053, 764.1920057053492, 709.694572132896, 784.4573692218592, 803.7553582816215, 728.2083655179523, 682.1599632602022, 718.7941595472523, 782.8300306773143, 764.2960612143352, 769.4184453298027, 766.7175157232824, 769.8768229888522, 804.3524491307373, 701.3272780162899, 713.6421468884857, 774.0787797067621, 717.1264425929002, 699.8172784685283, 744.5056107275497, 779.2289924114074, 717.0302189096079, 737.8766726132014, 720.946995639027, 737.8489352529958, 667.8104876910435, 750.1431046465318, 757.6233670357043, 677.2600462886544, 659.5085153920783, 668.1033688939557, 805.2465596939578, 757.2523192216789, 749.4264265747387, 713.7022685815193, 742.9197587960952, 769.2431630592408, 738.5012276265155, 763.581712995053, 777.0668637157637, 713.3324020950694, 779.6805132241993, 781.2441114566183, 730.3688020558558, 690.0082598340937, 762.8947555742002, 759.127251060181, 718.5648826990899, 739.7059508925607, 678.7926675756758, 746.5655848979658, 743.7931232544314, 711.8938738895018, 679.9037774420951, 796.4430941970508, 716.6401950323509, 753.1153588924428, 807.8568549666278, 711.3469513854313, 714.1564752696117, 742.4884027329066, 794.8508584116513, 705.869017567365, 719.103956172555, 776.4271378620317, 721.1788456629533, 706.7793720423816, 754.1284272408169, 730.1453564987124, 756.777465296949, 702.1319179272718, 759.9140943843099, 754.6129321095491, 679.9921077093875, 748.0134684265538, 696.7066704411238]
4世代
rank = 0, pop_id = 0, calclation_time:129.60824728012085[sec]
pop_index = 0, scores = 743.4743357161581, rank = 0
4世代評価 : [743.4743357161581, 719.1088528898797, 751.3556689131198, 734.6690718520448, 713.886710738196, 704.5411288092168, 720.0401208854405, 686.6374685668069, 673.4466884247668, 734.7878682857975, 756.1752707258507, 756.6103924901053, 765.8917052812078, 713.4645757288607, 733.7534940134697, 633.0649767984667, 773.8142843100219, 744.0816258872628, 756.5575946382219, 729.2419018338467, 769.0758760387223, 739.4362054530769, 750.99872378797, 722.561455835564, 802.3008048042126, 784.0688154638228, 720.0963180074652, 708.5600814044021, 670.236642028562, 728.2377602751557, 813.3166734666288, 715.4867379483669, 749.4390008597533, 719.213648021832, 748.9711559697475, 725.2002273336399, 728.2773358410078, 679.0271505617197, 622.6623629466643, 712.6077623450698, 757.4698037002954, 714.6561083036473, 689.3941543526589, 802.1739195025243, 755.0317548004437, 733.0266585709543, 756.2045038584812, 713.4724963268391, 729.1105685684039, 711.0090402274055, 762.9651895034997, 792.82139244751, 745.731925932701, 813.4437142935855, 754.9594065642583, 774.1952451139114, 758.990052278105, 792.4313069874515, 749.5457673059838, 705.5958518485396, 689.3374852686239, 772.0716657451555, 755.1514540205663, 757.1841927344705, 654.7798495376679, 756.8030507717502, 758.5076379038791, 751.8179222258195, 707.0196481493911, 790.7610537195891, 763.4323000246944, 720.8402057568247, 752.2021115478042, 764.2222767529533, 718.264104844197, 781.1657742166801]
5世代
rank = 0, pop_id = 0, calclation_time:134.88060665130615[sec]
pop_index = 0, scores = 752.2487277285305, rank = 0
5世代評価 : [752.2487277285305, 752.6402678173861, 784.0958434952153, 739.0062068992058, 744.5578157232094, 723.8460692439704, 767.2780280232645, 751.8410132581805, 751.5472139535118, 764.9335365505632, 692.5931621060172, 726.3030337562733, 782.4423629134559, 755.1366530588124, 681.1928620437802, 751.314658569523, 739.0802842623034, 726.6256986777844, 723.2134838300558, 736.6424666082127, 787.44458535361, 750.0221531805066, 714.9147188223649, 796.8397650560084, 738.1604073480125, 753.7124378302996, 728.8780835046202, 746.5943645874884, 750.1185668263367, 718.0176993883531, 724.9575558251455, 712.2499806556971, 759.3689363502511, 762.1364630187281, 684.3078341543278, 788.3774456244162, 714.0767079160734, 739.3364225797836, 752.7138934024659, 781.5035287306996, 772.3729217728898, 743.1070801108518, 808.8129623700581, 753.9578680954726, 761.4813843015628, 755.2802983833841, 742.8618128959645, 725.3136858640378, 770.0651863976545, 731.1823824229401, 717.1150314904966, 690.2599861481006, 728.5742184007904, 788.8609905201312, 743.133234701954, 643.9835450049808, 708.3544374912119, 709.8800465415666, 761.6319059271514, 756.4297042316934, 703.3619812604463, 750.0968200339996, 736.3996136858756, 748.8025752070395, 710.7864109276252, 754.0859038153659, 715.1490887367675, 705.0269109740415, 769.6552201017114, 741.5342750242229, 751.7794501615745, 775.5720413571514, 750.5809107733023, 725.3328774485384, 714.7772130429121, 749.3040139910383]
6世代
rank = 0, pop_id = 0, calclation_time:128.36877703666687[sec]
pop_index = 0, scores = 726.2753274258914, rank = 0
6世代評価 : [726.2753274258914, 728.8270616282396, 712.0300926664962, 767.787797831277, 781.6878009456127, 783.8527939251288, 745.2508268401906, 794.5770124697073, 746.0591119083222, 695.119371608242, 766.210219887342, 765.2641344267096, 756.3969007357664, 728.5266410784964, 749.9631951276629, 781.5164766854914, 739.8566441096593, 747.2070436199604, 676.3020287930347, 703.6680090817944, 742.1505981807277, 777.8357471002026, 772.9630148602215, 731.0083992097439, 740.8160948754338, 752.9010985456252, 806.8946964441183, 769.3980887965812, 777.9601066061894, 741.7404111833373, 773.2707085310752, 788.5628385708832, 717.3336122215745, 679.7703033089507, 780.2201162841644, 717.67893779526, 755.103331444226, 722.2108851754513, 728.7154008349985, 769.8094040251885, 687.7262983799745, 716.226388695624, 752.1582773750374, 786.8342066225678, 778.5692168971665, 753.0088879249557, 750.3724605346825, 731.1099624965356, 772.3099285121649, 766.8450451154895, 699.9517552793656, 707.9337054850396, 699.2420815197254, 747.1056245086519, 736.7925021679865, 762.7920670736514, 735.4711128988856, 798.4579692770108, 728.7924756387351, 757.9988952381, 753.1751719332264, 735.4614498746816, 734.116299952972, 767.198440924084, 717.231210639854, 761.6199634628413, 650.9956629831689, 713.6379951057384, 664.1725215377885, 682.4159750512947, 766.9007374634389, 756.8324325826995, 756.7645362085792, 712.4373584143887, 756.9129982336884, 742.6039510487608]
7世代
rank = 0, pop_id = 0, calclation_time:128.83402371406555[sec]
pop_index = 0, scores = 704.8260525655429, rank = 0
7世代評価 : [704.8260525655429, 754.3918766175782, 734.5187859886688, 717.7003458489927, 697.6549219051242, 755.0308831130833, 771.7597883191568, 711.4807191486723, 746.9462972414022, 754.2464858786088, 722.4003838516581, 761.0897269766367, 750.1661865612189, 732.883568450095, 650.1415945356016, 772.6525440703156, 741.2771857057828, 750.2880902642231, 678.575518890053, 717.4591510897936, 707.886321689754, 734.715847771258, 688.2236370392379, 715.194114379451, 693.8958579907998, 765.2463566251663, 785.7409457356733, 753.9018038096617, 789.1620164091403, 704.6900231483058, 713.5909490016784, 764.2841633533478, 734.3282171115908, 738.2755966699949, 786.5170929806172, 777.7656892035063, 708.8776699541513, 761.6554951735604, 693.6348168480691, 784.3347173993243, 782.3945799142494, 793.8991547216489, 726.6077623425559, 769.3865793163801, 780.7854141773292, 724.215116435977, 771.2724994500438, 711.5834168694297, 748.2287073042655, 751.9582891515886, 681.2564072771006, 740.4670585388282, 769.1828524638624, 694.7640936364957, 757.2521759047092, 740.9209733122536, 752.108427225266, 714.5119691358054, 720.1975955494802, 773.7475013618974, 665.6579328468827, 792.5577248241088, 742.0877861317525, 770.895327241003, 700.9344279564998, 742.3594035996605, 770.4216321112901, 775.3144063088489, 714.8358449828979, 753.2835856195118, 695.3177233220896, 701.590242200824, 757.4771830357744, 739.6821260532407, 723.8191293406084, 772.5971584042652]
8世代
rank = 0, pop_id = 0, calclation_time:142.5403618812561[sec]
pop_index = 0, scores = 774.9212013188362, rank = 0
8世代評価 : [774.9212013188362, 751.7804469370085, 787.2014715121376, 782.9463559932866, 696.9860467583807, 788.2229026638531, 783.1850525967113, 738.1253415952787, 749.6908285030094, 778.2020978998247, 698.06024707151, 729.7251150288101, 767.3712507000439, 755.9451950742302, 746.2614535853724, 767.8848763987439, 705.0342010280028, 732.3956370823682, 747.7792394209504, 725.380555264646, 756.2257745910863, 708.6041996178171, 696.8793006119082, 752.1079167114165, 717.8121744980386, 754.0154831610574, 690.380232723382, 717.8465168156044, 728.5951719193799, 752.0358520309978, 764.4906556781011, 782.2449974024313, 718.7601730574704, 688.2979973638949, 699.7716617317944, 667.9512482368574, 792.1211441241626, 779.4782359272284, 734.9885209421583, 793.9269146427017, 705.681432812635, 787.1067259443402, 779.5870146931701, 738.0532573159803, 731.7790902530354, 770.9632595971273, 784.383305528022, 746.2308107638019, 712.9456601611406, 732.1816414820382, 739.2007973734969, 799.1607198421906, 695.9954460996114, 767.6530477355107, 677.7232031351634, 735.5246322085635, 759.2832391662542, 786.3392255951132, 787.8868509007016, 761.4024726915443, 683.9200008404109, 796.8321553726506, 731.7912024254064, 735.059564987372, 728.229530777758, 707.8077004573431, 695.6920101548372, 737.1711775154439, 758.66162233764, 742.6698523551569, 703.296435325916, 716.8307566009099, 774.863914388368, 701.3530465115734, 739.5127695482037, 715.2054064393528]
9世代
rank = 0, pop_id = 0, calclation_time:127.31519818305969[sec]
pop_index = 0, scores = 747.9416875400809, rank = 0
9世代評価 : [747.9416875400809, 656.3439529866138, 722.0479188701361, 761.454205537849, 764.9311572336825, 772.3590965483345, 790.3778821618531, 728.469195190459, 751.7231626791136, 686.6494361850696, 756.2103734024435, 647.8414376235662, 778.7847517262092, 699.3995435257233, 773.6255364309993, 725.4620266918488, 706.2594739520911, 640.4712831264003, 773.1900958931914, 680.5618308174405, 737.325789410092, 780.1880759702831, 753.6252495263379, 781.5421674072516, 766.1482000938098, 772.9135692451655, 768.5889719537846, 705.9366607876119, 774.6320754036785, 722.0288994113926, 797.2103090446653, 720.7361294790559, 823.0979177795124, 756.4727981832636, 779.572602151505, 746.9611350124476, 778.9382157276293, 708.4649205599217, 771.1562067119428, 755.0876791228559, 765.8016972799849, 714.202022470616, 795.6712424910323, 712.7826427041721, 730.805709532563, 702.5511311053993, 704.5106028201027, 746.9292933219518, 707.9371456264614, 717.7679780369723, 750.1094096943758, 685.4058870727765, 719.8920291357477, 787.7070443938853, 773.7904604611502, 715.4656729449521, 714.96590802307, 762.1915193989959, 767.9228019282, 739.5549449857718, 683.280302717082, 772.3109839173101, 800.6829376399452, 732.0558142132217, 682.8590123973156, 694.1797567777111, 781.2164827341209, 844.7527942591173, 757.6884870777586, 685.8089839921668, 758.2863186273441, 796.1813688403171, 675.66752256946, 760.7117862475217, 745.275247140919, 677.388374989219]
10世代
rank = 0, pop_id = 0, calclation_time:141.83777284622192[sec]
pop_index = 0, scores = 762.8806893056596, rank = 0
10世代評価 : [762.8806893056596, 742.9638814305018, 771.7882341732811, 763.969157183776, 765.603363510087, 666.1090951603873, 788.162177839226, 745.0911156089346, 712.6886690343166, 749.135048133571, 754.1125233521485, 683.9775090712769, 740.0101631924713, 789.8896085727558, 767.6958577823514, 715.562526261001, 684.8494974342881, 675.212110544885, 741.1813956418904, 740.0188099469598, 766.488734188834, 753.1131657054311, 743.5547037568111, 696.194970444982, 759.1857424003126, 762.3933836173887, 681.503214077221, 770.6365963312886, 761.189724864362, 773.8087946964511, 766.6092415034067, 733.9559199045383, 670.7076831549924, 758.2076572620637, 793.7993483642822, 666.7837342301557, 761.1787489338254, 699.0353740130583, 703.1276552980163, 749.547458950908, 698.3800871944791, 782.578086295568, 746.7381623827378, 764.9596510688755, 709.409148741339, 724.4203352978252, 762.1523983127391, 751.5810860146792, 687.9686381023353, 723.6945169716786, 704.6348454783484, 730.5661000915313, 753.6470101926332, 662.6149461468522, 772.9859870162344, 744.7220016545374, 685.9001652513988, 751.8866254818888, 783.190560872725, 778.7609317186606, 762.9465599909324, 737.2163940938175, 756.3826785010914, 707.3317629629269, 763.6334787858764, 719.5275670646677, 727.2878809585932, 730.725638441722, 784.7500091799615, 753.0304666606736, 755.2593216527083, 747.5723173109892, 784.8037539832023, 758.8452536013073, 728.4648105622854, 782.128849701828]
11世代
rank = 0, pop_id = 0, calclation_time:120.42353343963623[sec]
pop_index = 0, scores = 740.8978701683419, rank = 0
