Popularity : [[7, 4], [5, 3], [3, 4], [5, 2], [7, 5], [9, 3], [6, 2], [13, 15], [7, 4], [3, 6], [4, 5], [16, 1], [8, 6], [14, 9], [6, 3], [2, 3], [14, 2], [6, 1], [7, 18], [4, 6], [16, 4], [4, 16], [7, 15], [2, 15], [9, 15], [5, 4], [10, 10], [3, 7], [7, 4], [7, 4], [3, 4], [14, 6], [4, 7]]
Distance : [[0.0, 436.2029344238757, 208.88752954640447, 429.739455949765, 96.56603957913983, 23.0, 440.50539156745856, 438.5897855627739, 449.67210275933286, 271.67075661542964, 437.72708392330486, 335.38634438509865, 453.9306114374751, 295.0830391601659, 145.12063946937388, 319.5825401989289, 328.8662342047295, 400.13247806195386, 267.9178978717174, 288.95847452532, 243.58366119261777, 314.6823795511913, 199.46177578674065, 336.04315199093105, 447.532121752171, 368.57156699886656, 134.45073447177595, 368.73025370858846, 289.0691958683941, 315.9905061864992, 189.84203960134857, 103.01941564578979, 352.4599268001967], [436.2029344238757, 0.0, 234.06195760951843, 240.77582935170216, 495.0656522119061, 443.4974633523849, 11.045361017187261, 184.87833837418594, 30.265491900843113, 314.836465486449, 73.00684899377592, 341.5333073069155, 192.00520826269272, 301.0398644698074, 345.0057970527452, 343.45596515419555, 264.4730610100016, 172.35138525698017, 185.09727172489605, 156.05127362504928, 196.30588376307014, 266.7208278331484, 246.48326515201796, 184.69975636150687, 95.50916186418976, 67.67569726275453, 315.29351404683223, 68.59300255857006, 286.53097563788805, 284.29737951659, 374.35411043556076, 339.8470244095128, 159.8155186457185], [208.88752954640447, 234.06195760951843, 0.0, 247.92337525937324, 283.93837359539833, 220.51077071199947, 236.75514777930383, 293.10237119477557, 243.75602556654883, 234.07904647789388, 252.19238687954083, 220.4948979001555, 256.6028059082753, 164.92422502470643, 116.66190466471906, 210.92415698539605, 170.14405661086138, 201.6035713969373, 59.81638571495272, 80.65358020571685, 38.01315561749642, 159.0125781188394, 13.601470508735444, 200.39211561336438, 267.8077668776617, 168.24089871371942, 119.4361754243663, 165.46903033498444, 150.02999700059985, 170.75128110793196, 227.1079038695043, 128.5496013218244, 202.76587484091104], [429.739455949765, 240.77582935170216, 247.92337525937324, 0.0, 518.8419797973174, 447.4382638979371, 232.4069706355642, 412.24871133819204, 219.32852071721086, 458.9259199478713, 309.9629010059107, 152.8397853963424, 62.39390995922599, 151.61134522191932, 288.5550207499429, 164.57521077003062, 105.94810050208545, 71.5122367151245, 197.9090700296477, 202.89159667172024, 235.01702066020664, 119.6202324023825, 249.57764322951687, 366.9945503682582, 333.28216273902206, 231.79516819813134, 367.26693289758606, 218.19715855161817, 149.4958193395387, 125.70600622086441, 472.5970799740515, 372.71034329623853, 351.45412218382074], [96.56603957913983, 495.0656522119061, 283.93837359539833, 518.8419797973174, 0.0, 74.67261881037788, 500.9590801652366, 462.4824320987771, 512.6499780552028, 266.7208278331484, 483.83881613611777, 431.4220671222092, 537.8773094303198, 389.53947168419273, 239.92707225321615, 415.7354928316802, 420.8610221914118, 483.18216026670524, 343.64662081853794, 359.8027237250991, 313.8184188348415, 406.79478856052225, 277.2002886001384, 364.3295211755424, 489.575326175656, 428.0677516468626, 179.78876494375282, 430.7772045965292, 382.5310444918164, 409.42032191868543, 171.2103968805633, 157.8670326572334, 385.36865466719007], [23.0, 443.4974633523849, 220.51077071199947, 447.4382638979371, 74.67261881037788, 0.0, 448.2945460297281, 436.2499283667563, 458.2597516692907, 261.357992033915, 441.3116812412742, 356.7534162415267, 469.5955706775778, 315.3173005085512, 165.4841382127, 341.0630440255877, 347.79879240733425, 415.3901780254319, 280.1303268123607, 299.5496619927988, 253.71243564319033, 333.66150512158276, 212.03773249117714, 334.2932844075693, 450.0177774266257, 375.8324094593227, 134.5362404707371, 376.78243058826405, 308.72965520014435, 335.65011544761904, 175.4223474931287, 105.11898020814318, 352.035509572543], [440.50539156745856, 11.045361017187261, 236.75514777930383, 232.4069706355642, 500.9590801652366, 448.2945460297281, 0.0, 195.7396229688818, 19.235384061671343, 324.49961479175903, 83.54639429682169, 336.66155111625085, 182.4719156473127, 297.4104907362886, 346.2441335243097, 339.0634158973805, 259.7306296916095, 164.83021567661677, 186.06719216455113, 157.71493271088823, 199.2636444512646, 262.5147614897113, 248.91765706755317, 195.0179478919825, 105.77334257741882, 72.89718787443039, 321.1790777743781, 71.84010022264724, 283.18545160371497, 279.9732130043873, 382.623836162882, 345.11737133908514, 170.30854353202602], [438.5897855627739, 184.87833837418594, 293.10237119477557, 412.24871133819204, 462.4824320987771, 436.2499283667563, 195.7396229688818, 0.0, 214.4574549881631, 210.79373804740976, 113.00442469213318, 477.7080698501963, 371.8736344512743, 426.6954417380153, 406.07019097688027, 474.4449388495993, 404.2004453238517, 340.77118422777477, 278.044960393099, 250.3517525403008, 262.03053257206494, 401.05859920964167, 306.2972412543084, 102.77159140540736, 93.64827814754524, 181.57092278225608, 304.3451987464235, 194.9897433200013, 410.3656905736638, 418.43159536535956, 301.24574685794323, 336.3628992620916, 91.28526715741155], [449.67210275933286, 30.265491900843113, 243.75602556654883, 219.32852071721086, 512.6499780552028, 458.2597516692907, 19.235384061671343, 214.4574549881631, 0.0, 342.06724485106724, 101.83319694480774, 330.0802932621092, 167.0748335327616, 293.218348675522, 350.46397817750113, 333.36166546260233, 253.6178227175685, 153.8083222715858, 190.51771571168914, 163.5726138447387, 206.8912757948, 257.3868683519033, 255.44079548889601, 213.52751579129094, 123.5556554755791, 85.60373823613078, 333.0615558721841, 81.88406438373708, 279.55679208346913, 274.5632896073326, 398.11681702736445, 355.9831456684431, 189.04232330353963], [271.67075661542964, 314.836465486449, 234.07904647789388, 458.9259199478713, 266.7208278331484, 261.357992033915, 324.49961479175903, 210.79373804740976, 342.06724485106724, 0.0, 271.5879231482873, 454.5118260287624, 445.371754829603, 398.989974811398, 305.94934221207274, 444.50421820270725, 400.64947273146385, 395.7132800399805, 265.06791582535976, 256.03515383634334, 229.49074055394914, 390.88873097084803, 241.20530674095875, 134.35773144854747, 267.37239947309445, 263.4274093559742, 158.79546593023366, 273.53427573157995, 384.07551340849625, 403.93687625667457, 96.13012014972206, 186.72439583514523, 160.51479682571323], [437.72708392330486, 73.00684899377592, 252.19238687954083, 309.9629010059107, 483.83881613611777, 441.3116812412742, 83.54639429682169, 113.00442469213318, 101.83319694480774, 271.5879231482873, 0.0, 397.04533746160524, 264.06817301598466, 351.45554484173385, 368.517299458248, 396.80725799813695, 320.4122344730301, 239.67686580060246, 216.17816726024856, 185.52088831180168, 214.94650497274898, 320.31546949843056, 265.6689669494727, 137.2443077143821, 23.323807579381203, 94.66784036831093, 307.61014287568605, 105.20931517693668, 335.87199942835366, 338.11980125393427, 344.6055716322648, 336.21719170797917, 111.12605455067681], [335.38634438509865, 341.5333073069155, 220.4948979001555, 152.8397853963424, 431.4220671222092, 356.7534162415267, 336.66155111625085, 477.7080698501963, 330.0802932621092, 454.5118260287624, 397.04533746160524, 0.0, 210.11663427725088, 55.65968020030299, 192.33304448274092, 16.401219466856727, 77.10382610480494, 184.20097719610501, 204.4309174268902, 228.65913495856665, 232.31228981696168, 77.07788269017254, 213.58136622842358, 403.54058036336323, 419.10977082382607, 303.71203466441693, 321.05606986942325, 292.09929818470977, 71.30918594402827, 59.413803110051795, 436.22471273415954, 313.0, 397.1901307938051], [453.9306114374751, 192.00520826269272, 256.6028059082753, 62.39390995922599, 537.8773094303198, 469.5955706775778, 182.4719156473127, 371.8736344512743, 167.0748335327616, 445.371754829603, 264.06817301598466, 210.11663427725088, 0.0, 198.40614909825754, 319.50743340335606, 220.08180297334897, 150.37286989347513, 55.0, 199.49185447030163, 194.85892332659543, 235.05318547086316, 161.96913286178943, 261.457453517776, 340.02352859765455, 287.08883642524313, 197.57024067404484, 374.44892842682833, 184.32851108821987, 192.27584351654787, 172.7917822120022, 471.65347449160174, 385.0324661635691, 321.3051509079803], [295.0830391601659, 301.0398644698074, 164.92422502470643, 151.61134522191932, 389.53947168419273, 315.3173005085512, 297.4104907362886, 426.6954417380153, 293.218348675522, 398.989974811398, 351.45554484173385, 55.65968020030299, 198.40614909825754, 0.0, 149.96666296213968, 48.25971404805462, 48.05205510693585, 160.0124995117569, 150.65855435387664, 176.47946056127893, 177.1016657177453, 38.01315561749642, 158.31929762350515, 349.509656518958, 372.8283787481849, 257.0311265197272, 268.2256512714621, 246.2925090212855, 16.401219466856727, 26.0, 383.01174916704576, 262.3833073958784, 344.200522951375], [145.12063946937388, 345.0057970527452, 116.66190466471906, 288.5550207499429, 239.92707225321615, 165.4841382127, 346.2441335243097, 406.07019097688027, 350.46397817750113, 305.94934221207274, 368.517299458248, 192.33304448274092, 319.50743340335606, 149.96666296213968, 0.0, 177.0790783802536, 185.15128949051368, 268.28715958837836, 160.1998751560063, 189.01058171435798, 153.57408635573907, 170.94151046483705, 103.07764064044152, 308.56603831270866, 384.44375401350976, 281.710844661685, 150.3761949245957, 277.0884335370208, 144.26711336961034, 171.14321488157222, 261.5415836917717, 131.70041761513136, 314.85869846647086], [319.5825401989289, 343.45596515419555, 210.92415698539605, 164.57521077003062, 415.7354928316802, 341.0630440255877, 339.0634158973805, 474.4449388495993, 333.36166546260233, 444.50421820270725, 396.80725799813695, 16.401219466856727, 220.08180297334897, 48.25971404805462, 177.0790783802536, 0.0, 79.84985911070852, 190.8219064992277, 198.90952717253137, 224.4504399639261, 225.00222221124838, 76.8505042273634, 203.30272993740147, 397.7587208346286, 418.54987755344047, 302.8299853052864, 308.41530441921975, 291.62475889402805, 64.63745044476924, 59.16924876994806, 423.68030400291207, 299.3760177435728, 392.4041284186495], [328.8662342047295, 264.4730610100016, 170.14405661086138, 105.94810050208545, 420.8610221914118, 347.79879240733425, 259.7306296916095, 404.2004453238517, 253.6178227175685, 400.64947273146385, 320.4122344730301, 77.10382610480494, 150.37286989347513, 48.05205510693585, 185.15128949051368, 79.84985911070852, 0.0, 113.28283188550682, 138.88484438555562, 158.7765725792064, 171.81967291320282, 14.212670403551895, 167.20047846821492, 335.5294323900662, 342.6601815209932, 227.6883835420683, 283.9859151436916, 215.7614423385235, 43.56604182158393, 23.0, 396.16789370164764, 283.3407842157567, 326.84093990808435], [400.13247806195386, 172.35138525698017, 201.6035713969373, 71.5122367151245, 483.18216026670524, 415.3901780254319, 164.83021567661677, 340.77118422777477, 153.8083222715858, 395.7132800399805, 239.67686580060246, 184.20097719610501, 55.0, 160.0124995117569, 268.28715958837836, 190.8219064992277, 113.28283188550682, 0.0, 144.75496537252184, 141.98943622678414, 180.6792738528689, 122.03687967167957, 206.52602741543257, 297.41721537261424, 262.9923953273174, 160.3527361787132, 319.59505628216465, 146.75149062275312, 150.74813431681335, 136.23509092741122, 418.08372367266344, 330.037876614185, 280.9590717524529], [267.9178978717174, 185.09727172489605, 59.81638571495272, 197.9090700296477, 343.64662081853794, 280.1303268123607, 186.06719216455113, 278.044960393099, 190.51771571168914, 265.06791582535976, 216.17816726024856, 204.4309174268902, 199.49185447030163, 150.65855435387664, 160.1998751560063, 198.90952717253137, 138.88484438555562, 144.75496537252184, 0.0, 30.675723300355934, 37.107950630558946, 131.47243057006287, 68.47627326307996, 199.11052207254141, 234.95744295510198, 124.19742348374221, 175.0114281982751, 117.957619508025, 134.27211177307072, 147.16657229140046, 275.13632984395207, 187.44865963777923, 193.65949499056327], [288.95847452532, 156.05127362504928, 80.65358020571685, 202.89159667172024, 359.8027237250991, 299.5496619927988, 157.71493271088823, 250.3517525403008, 163.5726138447387, 256.03515383634334, 185.52088831180168, 228.65913495856665, 194.85892332659543, 176.47946056127893, 189.01058171435798, 224.4504399639261, 158.7765725792064, 141.98943622678414, 30.675723300355934, 0.0, 46.04345773288535, 153.32318807016765, 91.92388155425118, 176.7766952966369, 204.43580899636933, 93.74433316206373, 185.34832073693033, 88.14193099768123, 160.11246047700348, 170.03823099526764, 276.87722911066555, 202.08908926510605, 168.65645555388622], [243.58366119261777, 196.30588376307014, 38.01315561749642, 235.01702066020664, 313.8184188348415, 253.71243564319033, 199.2636444512646, 262.03053257206494, 206.8912757948, 229.49074055394914, 214.94650497274898, 232.31228981696168, 235.05318547086316, 177.1016657177453, 153.57408635573907, 225.00222221124838, 171.81967291320282, 180.6792738528689, 37.107950630558946, 46.04345773288535, 0.0, 162.9846618550347, 51.088159097779204, 174.7741399635541, 231.19256043393784, 130.24592124131948, 140.71957930579526, 127.73801313626261, 161.05899540230592, 177.41758650145144, 238.19529802244207, 156.20499351813308, 173.4848696572701], [314.6823795511913, 266.7208278331484, 159.0125781188394, 119.6202324023825, 406.79478856052225, 333.66150512158276, 262.5147614897113, 401.05859920964167, 257.3868683519033, 390.88873097084803, 320.31546949843056, 77.07788269017254, 161.96913286178943, 38.01315561749642, 170.94151046483705, 76.8505042273634, 14.212670403551895, 122.03687967167957, 131.47243057006287, 153.32318807016765, 162.9846618550347, 0.0, 155.3898323572041, 329.6209944769902, 342.24260401066374, 226.71568097509268, 271.4590208484515, 215.23243250030885, 30.463092423455635, 17.804493814764857, 384.1939614309418, 270.1184925176357, 321.92701036104444], [199.46177578674065, 246.48326515201796, 13.601470508735444, 249.57764322951687, 277.2002886001384, 212.03773249117714, 248.91765706755317, 306.2972412543084, 255.44079548889601, 241.20530674095875, 265.6689669494727, 213.58136622842358, 261.457453517776, 158.31929762350515, 103.07764064044152, 203.30272993740147, 167.20047846821492, 206.52602741543257, 68.47627326307996, 91.92388155425118, 51.088159097779204, 155.3898323572041, 0.0, 212.8097742116184, 281.37519435799595, 181.06904760339356, 118.27087553578015, 177.91290003819284, 144.00694427700353, 166.02710622064097, 228.97379762758882, 123.97580409095961, 215.77998053572995], [336.04315199093105, 184.69975636150687, 200.39211561336438, 366.9945503682582, 364.3295211755424, 334.2932844075693, 195.0179478919825, 102.77159140540736, 213.52751579129094, 134.35773144854747, 137.2443077143821, 403.54058036336323, 340.02352859765455, 349.509656518958, 308.56603831270866, 397.7587208346286, 335.5294323900662, 297.41721537261424, 199.11052207254141, 176.7766952966369, 174.7741399635541, 329.6209944769902, 212.8097742116184, 0.0, 134.23859355639868, 144.25671561490648, 201.6829194552677, 156.71949463930773, 333.16962646675944, 345.8916015170071, 211.62466774929618, 233.63646975590092, 26.1725046566048], [447.532121752171, 95.50916186418976, 267.8077668776617, 333.28216273902206, 489.575326175656, 450.0177774266257, 105.77334257741882, 93.64827814754524, 123.5556554755791, 267.37239947309445, 23.323807579381203, 419.10977082382607, 287.08883642524313, 372.8283787481849, 384.44375401350976, 418.54987755344047, 342.6601815209932, 262.9923953273174, 234.95744295510198, 204.43580899636933, 231.19256043393784, 342.24260401066374, 281.37519435799595, 134.23859355639868, 0.0, 115.80155439371269, 315.67071451118176, 127.01574705523721, 357.1134273588715, 360.04027552483626, 344.9420241141981, 345.21008096520006, 108.90821823902914], [368.57156699886656, 67.67569726275453, 168.24089871371942, 231.79516819813134, 428.0677516468626, 375.8324094593227, 72.89718787443039, 181.57092278225608, 85.60373823613078, 263.4274093559742, 94.66784036831093, 303.71203466441693, 197.57024067404484, 257.0311265197272, 281.710844661685, 302.8299853052864, 227.6883835420683, 160.3527361787132, 124.19742348374221, 93.74433316206373, 130.24592124131948, 226.71568097509268, 181.06904760339356, 144.25671561490648, 115.80155439371269, 0.0, 248.29418035870273, 13.601470508735444, 241.3462243334252, 244.49335369289693, 313.6000637755037, 272.3306813416366, 124.00403219250575], [134.45073447177595, 315.29351404683223, 119.4361754243663, 367.26693289758606, 179.78876494375282, 134.5362404707371, 321.1790777743781, 304.3451987464235, 333.0615558721841, 158.79546593023366, 307.61014287568605, 321.05606986942325, 374.44892842682833, 268.2256512714621, 150.3761949245957, 308.41530441921975, 283.9859151436916, 319.59505628216465, 175.0114281982751, 185.34832073693033, 140.71957930579526, 271.4590208484515, 118.27087553578015, 201.6829194552677, 315.67071451118176, 248.29418035870273, 0.0, 251.24689052802225, 255.86324472264477, 280.19457525084243, 115.27792503337315, 32.28002478313795, 218.11235636707977], [368.73025370858846, 68.59300255857006, 165.46903033498444, 218.19715855161817, 430.7772045965292, 376.78243058826405, 71.84010022264724, 194.9897433200013, 81.88406438373708, 273.53427573157995, 105.20931517693668, 292.09929818470977, 184.32851108821987, 246.2925090212855, 277.0884335370208, 291.62475889402805, 215.7614423385235, 146.75149062275312, 117.957619508025, 88.14193099768123, 127.73801313626261, 215.23243250030885, 177.91290003819284, 156.71949463930773, 127.01574705523721, 13.601470508735444, 251.24689052802225, 0.0, 230.7834482799839, 233.03218661807213, 320.7397699070073, 274.14777037211155, 137.03284277865654], [289.0691958683941, 286.53097563788805, 150.02999700059985, 149.4958193395387, 382.5310444918164, 308.72965520014435, 283.18545160371497, 410.3656905736638, 279.55679208346913, 384.07551340849625, 335.87199942835366, 71.30918594402827, 192.27584351654787, 16.401219466856727, 144.26711336961034, 64.63745044476924, 43.56604182158393, 150.74813431681335, 134.27211177307072, 160.11246047700348, 161.05899540230592, 30.463092423455635, 144.00694427700353, 333.16962646675944, 357.1134273588715, 241.3462243334252, 255.86324472264477, 230.7834482799839, 0.0, 26.92582403567252, 370.22830793984406, 251.4358765172544, 327.8002440511599], [315.9905061864992, 284.29737951659, 170.75128110793196, 125.70600622086441, 409.42032191868543, 335.65011544761904, 279.9732130043873, 418.43159536535956, 274.5632896073326, 403.93687625667457, 338.11980125393427, 59.413803110051795, 172.7917822120022, 26.0, 171.14321488157222, 59.16924876994806, 23.0, 136.23509092741122, 147.16657229140046, 170.03823099526764, 177.41758650145144, 17.804493814764857, 166.02710622064097, 345.8916015170071, 360.04027552483626, 244.49335369289693, 280.19457525084243, 233.03218661807213, 26.92582403567252, 0.0, 393.92638906272833, 276.97833850321217, 338.6945526577007], [189.84203960134857, 374.35411043556076, 227.1079038695043, 472.5970799740515, 171.2103968805633, 175.4223474931287, 382.623836162882, 301.24574685794323, 398.11681702736445, 96.13012014972206, 344.6055716322648, 436.22471273415954, 471.65347449160174, 383.01174916704576, 261.5415836917717, 423.68030400291207, 396.16789370164764, 418.08372367266344, 275.13632984395207, 276.87722911066555, 238.19529802244207, 384.1939614309418, 228.97379762758882, 211.62466774929618, 344.9420241141981, 313.6000637755037, 115.27792503337315, 320.7397699070073, 370.22830793984406, 393.92638906272833, 0.0, 129.98846102635417, 236.1440238498531], [103.01941564578979, 339.8470244095128, 128.5496013218244, 372.71034329623853, 157.8670326572334, 105.11898020814318, 345.11737133908514, 336.3628992620916, 355.9831456684431, 186.72439583514523, 336.21719170797917, 313.0, 385.0324661635691, 262.3833073958784, 131.70041761513136, 299.3760177435728, 283.3407842157567, 330.037876614185, 187.44865963777923, 202.08908926510605, 156.20499351813308, 270.1184925176357, 123.97580409095961, 233.63646975590092, 345.21008096520006, 272.3306813416366, 32.28002478313795, 274.14777037211155, 251.4358765172544, 276.97833850321217, 129.98846102635417, 0.0, 249.51352668743232], [352.4599268001967, 159.8155186457185, 202.76587484091104, 351.45412218382074, 385.36865466719007, 352.035509572543, 170.30854353202602, 91.28526715741155, 189.04232330353963, 160.51479682571323, 111.12605455067681, 397.1901307938051, 321.3051509079803, 344.200522951375, 314.85869846647086, 392.4041284186495, 326.84093990808435, 280.9590717524529, 193.65949499056327, 168.65645555388622, 173.4848696572701, 321.92701036104444, 215.77998053572995, 26.1725046566048, 108.90821823902914, 124.00403219250575, 218.11235636707977, 137.03284277865654, 327.8002440511599, 338.6945526577007, 236.1440238498531, 249.51352668743232, 0.0]]
0世代
rank = 0, pop_id = 0, calclation_time:123.31737184524536[sec]
pop_index = 0, scores = 733.6312572543575, rank = 0
0世代評価 : [733.6312572543575, 783.046886784537, 778.6107613018286, 756.8345205133733, 785.6470145033088, 734.0510413646703, 779.8748916472996, 813.2870964476157, 756.2736698296903, 774.7703491165979, 729.456367064651, 748.5627892498698, 738.2652194786391, 765.5847180016101, 735.5262393660073, 787.3030319440273, 774.214006839216, 767.8713649046277, 753.8057615146471, 739.714344946697, 774.2415714755903, 793.063604930216, 673.755042400171, 769.3565664306983, 785.7139686969034, 770.4208395920974, 764.4058842255844, 788.7361287515018, 766.3171449726375, 735.8982628753685, 788.540478312187, 752.6139781350544, 784.4920517761053, 755.2705058392831, 723.051035918404, 791.530032044241, 760.2793155229776, 775.1798060845528, 702.8839277291581, 752.7922567242955, 795.2417804614531, 791.1943580621407, 771.7609654889002, 794.9021938795896, 786.5426307651094, 754.7885705598674, 751.856295146772, 806.5383608095071, 732.7313608178526, 796.8051798019711, 815.5926911364388, 766.884535023512, 775.4036788554741, 743.8686644614083, 782.2735976429302, 767.2756572684109, 750.4479548871286, 778.7789772233074, 796.731121549892, 769.6055930594814, 755.5784098221601, 776.6566482566272, 767.255225025626, 788.0102045540791, 779.6937738050095, 732.9955450392059, 763.1845387929794, 729.7096160243763, 719.6325550938365, 761.2177085802222, 789.1798986830319, 804.635215426889, 805.0745752317763, 770.6563056017181, 781.5183839657959, 760.5073674634029]
0世代, new best [0, 0, 1, 0, 1, 1, 0, 0, 1, 1, 1, 1, 1, 1, 0, 0, 1, 1, 1, 0, 0, 0, 1, 1, 1, 1, 0, 0, 1, 1, 0, 1, 1] = 733.6312572543575
拠点利用数 : 20
0世代, new best [1, 1, 1, 1, 0, 1, 1, 0, 1, 1, 1, 0, 1, 0, 0, 1, 0, 0, 0, 0, 0, 1, 0, 1, 1, 1, 1, 0, 1, 1, 1, 1, 0] = 729.7096160243763
拠点利用数 : 20
1世代
rank = 0, pop_id = 0, calclation_time:111.18364810943604[sec]
pop_index = 0, scores = 749.1189528001111, rank = 0
1世代評価 : [749.1189528001111, 789.1783922543026, 823.2699414408008, 774.9568412583598, 745.074430857525, 774.3903419866125, 783.0793990467029, 758.3860400185266, 776.104971298303, 769.2241818388587, 748.1922271380263, 783.1367770313605, 735.7613531540145, 779.0934119322823, 733.2695546269176, 759.541253896223, 774.9463033774263, 777.5278161332488, 793.2672539319351, 751.4905030160373, 731.0986475097228, 747.8632243115453, 777.5724849170609, 772.9636962643456, 785.4216469740808, 772.3877834063036, 769.934893852221, 775.2929013060145, 772.9404706597958, 800.5786214288087, 756.8930675857046, 790.5235021460593, 789.5589011392059, 771.4199108559201, 722.2055984021142, 791.603618026492, 779.4045554112428, 769.1571565080874, 822.3938702097084, 731.4776841456977, 747.0055459770357, 762.6016126340458, 785.2424363740053, 788.3892637892425, 742.177947616616, 672.4573460803038, 746.0490958620252, 790.1389713177954, 779.6014487444231, 779.5755664923915, 769.3431566745588, 677.7167328148715, 780.1002534508079, 724.2196352950884, 739.4401191208306, 750.9574976793004, 784.6443497198761, 783.4910246238254, 788.072042611472, 790.9925281278381, 763.9470867553482, 746.6328763317107, 720.7599304218517, 741.1841248341487, 768.9976628147207, 794.8854017678567, 729.1666832142978, 771.1083341852732, 779.0348049774108, 678.3326335828905, 787.0688623648387, 763.3244186455863, 750.4942434477113, 763.3883670536936, 785.2406510116442, 765.7260440335089]
2世代
rank = 0, pop_id = 0, calclation_time:130.96423864364624[sec]
pop_index = 0, scores = 746.852567591913, rank = 0
2世代評価 : [746.852567591913, 686.5348909634769, 782.2332660047658, 784.4489550696916, 749.0243502398924, 748.540024981306, 749.7735574200115, 771.0479729435672, 729.7198190406715, 808.7951351401136, 751.043711809849, 748.9917967587335, 728.6428476342134, 684.517364615991, 784.3298268066542, 766.7775733807366, 786.0551325080248, 790.3058442744208, 762.2240648095973, 772.7569555362144, 748.7728408656872, 804.3515175849004, 760.5134270088101, 806.5433213279842, 774.4828351280858, 801.0690390778311, 812.010988369477, 806.6717262898158, 801.0518316342626, 681.3406899563951, 800.6148884017806, 805.7609081892466, 781.0091107343962, 765.3992251378608, 768.1182213049493, 761.3543324530384, 752.5759966578578, 747.5104896660098, 753.1624278174919, 720.7853265667549, 771.7847215197353, 793.4402413638062, 783.0542115334151, 760.5295853785854, 755.2381709289824, 760.7392647709845, 756.3813600061128, 767.3210166021946, 804.1603699778684, 782.3503076965072, 771.9917600134336, 776.55007134851, 771.5734514440961, 771.179545669852, 781.7965678541651, 746.8459859727055, 799.8512632292266, 788.2342167401608, 793.9369437874537, 746.3924260907495, 834.4287574238962, 777.0779446159398, 771.8823992167197, 790.2659026509967, 708.840333949158, 766.9863227833727, 762.2671643919745, 772.7999998347617, 771.2389096432336, 754.7182014724882, 759.667461241113, 820.0088037088038, 769.4343489312532, 807.4657067788885, 753.2258903384633, 773.5815095223205]
3世代
rank = 0, pop_id = 0, calclation_time:99.08572268486023[sec]
pop_index = 0, scores = 716.8052287410998, rank = 0
3世代評価 : [716.8052287410998, 746.3876433339352, 773.0013356150613, 793.4724060890534, 808.3024148748441, 775.2908928148721, 727.6462019547523, 776.4260128125129, 781.9528116205952, 778.1933693389913, 722.8764505268923, 762.0809773965893, 762.3911285454545, 785.8030096410704, 749.3988389173231, 746.413356834209, 765.4129290550674, 728.2160166306261, 776.9684255873816, 787.7624941405245, 768.8988207942016, 728.3882417596539, 782.5238836644761, 788.5121104107079, 795.1367834009332, 788.166607273979, 743.4014096866783, 785.1803695855313, 773.7192445410997, 779.7235434914463, 711.6114096250866, 768.8691928525059, 761.2886082440017, 754.1030110685209, 803.223326680047, 771.5096479550903, 779.8557035616418, 725.5874591563492, 698.4458132124662, 804.2297977695006, 813.7178217351371, 750.3396495040778, 801.9722770075806, 752.2932735412178, 795.81495622489, 782.8977936726933, 733.3838948814506, 790.9312801298781, 763.7918679147012, 763.8607695783529, 802.6013681067762, 736.763507986509, 768.1698106606257, 765.6806939479019, 787.8730997301137, 787.204012714515, 701.2108462133566, 749.0176531982953, 732.2372780523594, 798.0518278035206, 755.246614599213, 786.7133123669661, 717.6780412179319, 723.6099266433578, 756.3026490329842, 800.1723534482678, 781.831074254091, 704.0597985790555, 787.7531958198874, 798.4299198637001, 719.0280677334322, 767.543754201358, 802.4014004582136, 740.2558814204103, 779.3853423740479, 775.6948783307449]
4世代
rank = 0, pop_id = 0, calclation_time:111.4138879776001[sec]
pop_index = 0, scores = 750.9321234982433, rank = 0
4世代評価 : [750.9321234982433, 799.5240768143707, 749.8717997135307, 781.4249429232389, 751.612118557871, 685.2416701743606, 723.8580419243418, 799.751784947992, 722.9775841107519, 769.4786349956654, 771.355655835042, 753.6104199675561, 781.1478976774184, 758.4787076773036, 761.273260851575, 754.2756140398673, 780.0270451032477, 733.6361754521412, 782.3779096213643, 758.8199119782699, 749.8583118971753, 768.8884667938001, 719.2533774886554, 729.8630144081648, 777.2090710234562, 794.650176257727, 809.1252419512388, 768.7301127611672, 750.6756917600285, 789.196067232305, 742.0921149966061, 744.2681153150422, 723.396870426973, 746.4446416134185, 816.3290813761372, 803.2794128464164, 761.6552477148427, 809.928115497471, 694.6697964101994, 772.9224106453179, 804.5004925085369, 752.300969091929, 723.7980483543578, 777.6411170202329, 737.2311576085515, 696.9767920179712, 805.3064481791605, 784.9976369470937, 761.4734021361228, 784.3941441795581, 762.6164557725828, 786.8457356316375, 775.8532038386281, 712.1881649664332, 691.112186808294, 757.1458772806805, 795.72583450643, 757.7461537769334, 761.8830627532436, 787.783576393207, 777.6390846093478, 765.1584007988578, 788.8527808886682, 748.8446962291035, 733.3228472883735, 738.2273754932797, 737.6389638362165, 782.569290481326, 808.4620131921, 725.8245361229925, 772.1250824375715, 773.6541606280116, 729.7184893525834, 758.1629355527728, 848.3030584423301, 735.831422132288]
5世代
rank = 0, pop_id = 0, calclation_time:93.29832315444946[sec]
pop_index = 0, scores = 700.1606028592843, rank = 0
5世代評価 : [700.1606028592843, 773.910074015424, 761.62953264804, 825.453843387413, 789.4023043862952, 715.1221115629875, 738.8809256340544, 776.4251056308176, 785.9466820004819, 742.3970888710994, 807.8228612419132, 799.3293241255215, 805.8520878189498, 753.5400004110744, 774.9206724599152, 788.7574901992914, 777.5870253059798, 763.9813223240753, 758.3894566153316, 794.9322868124107, 824.0093428769721, 768.911578308086, 764.8830356700995, 792.0677644107873, 766.9612015747776, 790.0708397205009, 776.5731623757164, 721.9881404105902, 778.3000598553919, 824.8404408552037, 756.2878002867063, 734.6873668903746, 768.0811805228217, 771.5188402336398, 770.124173675849, 781.279876899468, 698.4599604348502, 714.8461866826726, 763.2380775726598, 743.3171529244552, 758.7852257075945, 774.6697027429724, 772.1547974164993, 783.5778296423283, 764.8759062969592, 725.945697576979, 784.3266449939697, 821.6459701028683, 761.0801273167834, 785.6504991788516, 771.1587552166525, 768.4507683764866, 764.6648799306543, 737.6185436627535, 742.5446594341115, 749.671909665729, 708.7467480269554, 796.9952995000111, 757.7156442883675, 736.744167581397, 751.5362557023753, 757.9136684046324, 804.0919173005517, 797.5010560604521, 785.3104279975242, 770.2859155351965, 725.583902987834, 722.2358149118704, 767.0780545865031, 794.3494607481966, 752.7426765342133, 778.5678916696434, 702.9673258767798, 749.1148389693011, 764.8424118552659, 769.3857730866682]
6世代
rank = 0, pop_id = 0, calclation_time:105.61612462997437[sec]
pop_index = 0, scores = 721.2620428156807, rank = 0
6世代評価 : [721.2620428156807, 749.1555736267051, 814.7319667059132, 787.4091715381891, 720.6878588569144, 819.9337021389224, 740.7011341649428, 761.1113066687062, 778.0752288140429, 714.9953812501489, 787.1045793211987, 751.0037529443421, 785.1884926734018, 788.1764150271277, 754.7603440585714, 736.0875400714541, 795.9119034794738, 735.8483930104276, 801.037918742014, 773.0133659810249, 762.0879935394737, 794.0577186171948, 724.1318081193169, 726.4689825433707, 788.626275651466, 769.3080422031358, 771.4664228984379, 768.0549947093406, 753.7077431447763, 687.7169479642232, 776.6112325159207, 762.8296960743771, 804.2768232755689, 790.4882814113557, 736.2848054277687, 759.1465105456073, 684.2024861158042, 751.76677099734, 767.8993087365595, 761.3102025786317, 768.8366635009252, 787.7501721045485, 719.4542253497476, 753.5254088123914, 772.5490527082433, 753.1468969096031, 750.9571151630246, 731.1895979949896, 806.9107598741793, 742.8120765940165, 785.9993854339162, 802.1675483249741, 708.9699458821065, 806.9210046362135, 813.1145728249373, 789.1230352690995, 779.7045923466061, 781.2350456448838, 815.5728249005452, 761.0408894387516, 826.3527686638139, 791.3063084742795, 779.1836862833823, 789.1389132869875, 735.3183998271255, 741.0114422122597, 739.7985074448088, 780.1049163647599, 744.7207928387437, 757.3041410954218, 768.44355691137, 714.6238631512542, 745.9247289161763, 778.743606065258, 782.390044989456, 754.90503940975]
7世代
rank = 0, pop_id = 0, calclation_time:151.35177612304688[sec]
pop_index = 0, scores = 781.8284639469914, rank = 0
7世代評価 : [781.8284639469914, 776.0797939560144, 764.9161510303039, 714.8952816784692, 809.0744709317165, 760.4933810731546, 782.5448973219055, 719.9447502908267, 803.8968890927744, 758.3557234248755, 758.2232899664443, 690.0252212681345, 783.258783748899, 757.9914936150117, 808.1211002341464, 802.8977065388567, 758.7441469681008, 795.3557321805279, 728.428904455979, 771.092955262856, 785.7050472198098, 776.1669065569466, 737.9025689913933, 798.984728205952, 778.4256454801944, 744.4582177036709, 752.2213445580065, 741.3318615565046, 745.971066014895, 741.1360959231702, 761.4101183536162, 768.2012036057075, 743.067794794716, 778.668211366531, 773.2035039359998, 748.3741137959936, 708.5373572509782, 739.3301562699819, 755.9323030302021, 838.5522727200122, 726.437931867196, 740.5402220800453, 719.312445516912, 705.1971763316901, 779.9659748745097, 790.7567316125783, 785.6856482289728, 797.9295981141457, 773.0484811861239, 819.0375529976898, 788.8053239362016, 740.182464417853, 827.2461343434478, 749.1825365206586, 779.4668409295562, 712.3860746183341, 798.0524200296231, 780.8054462446056, 797.6107968947193, 775.6953605857719, 720.9672126655674, 826.5511142078964, 726.8556795277455, 771.56038897542, 749.9802770158448, 803.1550334137266, 761.9685270741012, 788.1938442156741, 766.7053104621688, 737.0363996450554, 745.0212594539179, 757.4234224795941, 750.6948316143491, 765.3636810333769, 783.8174184436954, 765.0670033298829]
8世代
rank = 0, pop_id = 0, calclation_time:130.89105129241943[sec]
pop_index = 0, scores = 774.950651954277, rank = 0
8世代評価 : [774.950651954277, 801.5003333529525, 758.8908200884649, 785.0292814746533, 758.1240141832859, 750.8224106077793, 770.1998800782386, 779.0291146852268, 774.458325509724, 792.0021755753562, 765.7270567359659, 786.861931580351, 715.6842455668941, 766.3401993144768, 749.9734060919959, 749.7447061595595, 800.7709809512035, 788.3108217255539, 748.942394095959, 742.0487420989646, 717.2855027697321, 786.0595694507123, 793.6189909028336, 798.3033561805772, 782.8895693674255, 741.1134601744951, 742.2909734147718, 701.7467198633631, 769.4201917070797, 787.6923831021452, 775.5003739682691, 767.0714795289964, 770.0735035815817, 779.3024069297031, 711.3967709845916, 785.0837844627176, 783.1251736115785, 776.2695056880495, 797.1779686396765, 769.2913614284333, 779.3261666708619, 769.743160246134, 798.2052360435063, 774.256083901894, 752.1798297651449, 770.8286675856695, 759.5120368715219, 703.1899133725299, 762.7878249390234, 801.0814020224309, 777.6407766863305, 768.5839282763613, 789.9273436071835, 773.6587046736656, 762.4790938210924, 737.6151223371219, 745.4477897572974, 786.3506078291078, 764.7741566886586, 753.2572276960133, 785.1482293153598, 783.8221419529758, 713.7882571124643, 728.9929336377742, 760.6052547232426, 745.4292285046015, 759.7266192492534, 707.8898872071602, 726.8943765526549, 771.5230531083353, 739.0289724441441, 793.5837102398041, 774.8205000140664, 745.3318636434011, 749.8018923853011, 788.6031487889161]
9世代
rank = 0, pop_id = 0, calclation_time:150.14568877220154[sec]
pop_index = 0, scores = 747.725832050855, rank = 0
9世代評価 : [747.725832050855, 756.0723572485015, 756.3932536880526, 722.7995010804716, 730.475388154828, 730.9590348861173, 803.6624229146953, 731.2267540627532, 783.1883524563974, 751.3442325188449, 737.9736136722196, 731.2337389240737, 809.174191324331, 777.7090637973248, 776.482793471101, 778.7149371268875, 768.8782141255651, 684.7684030167671, 749.0666388180489, 791.7969793315347, 798.8914834563358, 717.8937086672869, 777.1691837969125, 755.9797749952044, 767.0509217056475, 769.1535605994363, 763.0277800031083, 803.6000154401489, 771.2623822475468, 777.3772621980181, 743.8769902298586, 737.9899324938731, 723.6245170813082, 746.325298486387, 778.4475355565613, 743.5089820846285, 724.4940311867424, 781.0707228760587, 771.7805166611438, 759.7054505718683, 723.9419754008499, 815.1116507714746, 796.387090436688, 790.7140621852641, 772.4640282299912, 760.7943180340773, 767.3848532905921, 783.5037814526372, 745.7334502190564, 746.8826081173028, 814.2865730200572, 789.5166733127194, 787.5352404469232, 750.3249477768449, 767.9458872646109, 766.6128359238265, 794.0437304492876, 776.1245546807426, 767.2085437299972, 764.2942629613531, 738.1510328532088, 784.4834762633915, 739.1185041332649, 774.0752762823273, 782.1417034483405, 719.097707557005, 705.5688082527242, 714.7557257885692, 780.5272473855074, 745.8475434171089, 766.2565748262758, 749.867747326286, 735.9268784793709, 787.8841993091484, 738.0133404675801, 769.0359909099051]
10世代
rank = 0, pop_id = 0, calclation_time:111.29978346824646[sec]
pop_index = 0, scores = 748.4673639417864, rank = 0
10世代評価 : [748.4673639417864, 790.190931835597, 771.489680724752, 766.9689638890451, 727.8091413653802, 721.3631035030852, 747.7623819799494, 726.2936219949285, 735.7005352976314, 766.8097935242176, 756.2214661411898, 765.9574890784769, 782.9249025090959, 758.8734881260674, 745.7033383531499, 714.2813308033708, 772.1095532130763, 775.336123137855, 779.6674783882382, 757.9602647784877, 780.102949670197, 762.4424865009997, 781.1947639818933, 751.4519987349718, 780.6002560665027, 766.7980684389545, 753.9566665276277, 751.9988051421597, 791.9200749984014, 774.208181482786, 748.2797408819712, 811.7312886104813, 770.1243306483967, 777.0930980083261, 759.0619757052, 789.7794403298012, 790.3568047617199, 788.1189471776014, 774.1254428006451, 740.8854179368161, 736.8008720527985, 773.6174353951507, 747.6873422310971, 761.826491104097, 716.6038494781485, 763.8776423110113, 792.6469000345695, 834.6588718180517, 749.1323746971176, 751.3683743009548, 753.5958365478398, 758.953286716095, 746.6283835766217, 750.2297357850559, 731.6655105535978, 724.5437706587136, 756.828612551684, 779.0470351691306, 785.7613275693366, 712.9276032628067, 729.7594213985092, 759.8936506673107, 754.577031985788, 684.711214290336, 727.934901634474, 714.3024148119287, 777.5775486316246, 788.7590787003279, 799.7260948707411, 777.2331251047164, 767.6656161693224, 713.1406608298196, 732.7407961348681, 782.1150982521914, 742.6631400960031, 788.7023892412051]
11世代
rank = 0, pop_id = 0, calclation_time:124.81031727790833[sec]
pop_index = 0, scores = 783.4785347500186, rank = 0
11世代評価 : [783.4785347500186, 770.9503882309466, 764.7989879798772, 754.4402688776901, 793.7771195259588, 779.8890768707184, 778.00314049516, 720.3628965481502, 783.0018062845621, 784.6831861885054, 777.8177361293431, 771.3874318945428, 768.9182432859516, 767.5750848149622, 759.538247736592, 818.3279764968142, 704.5178376529111, 777.3433338867464, 819.3760072020822, 745.2158234252993, 740.1890575642304, 841.3458375833007, 733.3165331638977, 753.3461685809655, 764.2645090667049, 730.6970017519079, 797.3479252055404, 762.4869762624766, 752.7260116081037, 769.4459653643315, 792.6664435538939, 764.5628411685284, 823.7598017958472, 746.3971297642811, 776.4147470317499, 734.8767685110473, 710.4190673614484, 756.919360970832, 796.3819297924676, 779.166842238825, 761.0516004668156, 734.5087103630207, 779.6074097836423, 743.0038840577693, 792.0475599321279, 755.94587313498, 799.86788660988, 768.5308686272015, 815.9920412414896, 761.8812620675325, 761.9912354674757, 718.995923062924, 780.7274518248186, 756.8937245149457, 791.0135629748652, 763.5402425015894, 762.426385331473, 771.9744967159589, 786.893762141729, 736.3222229073181, 759.1854163932848, 776.714230738673, 772.6632457832144, 754.3094043367491, 755.0264543397197, 733.6267254641887, 674.7862173623192, 751.0032647609851, 722.1723516687013, 777.6255571827938, 762.6432565263691, 777.5509277715241, 788.3897178134386, 769.1591091680176, 768.01357361519, 759.5232878759973]
12世代
