Popularity : [[10, 16], [4, 15], [2, 2], [2, 20], [7, 9], [6, 3], [7, 4], [14, 5], [4, 6], [4, 5], [4, 6], [17, 4], [3, 7], [18, 1], [2, 16], [15, 6], [4, 2], [4, 4], [5, 5], [2, 8], [5, 5], [1, 15], [7, 7], [5, 6], [4, 7], [5, 6], [4, 5], [6, 6], [10, 5], [16, 14], [6, 5], [13, 5], [5, 2]]
Distance : [[0.0, 249.25689559167665, 416.0588900624526, 298.0151002885592, 335.8094697890457, 399.80495244556437, 414.60945478847924, 225.5681715136247, 191.42622599842477, 206.8260138377182, 66.84309986827361, 357.4143253984093, 261.1225765804252, 247.01821795163207, 52.839379254491625, 56.08029957123981, 378.6000528261981, 272.45917125323564, 244.37675830569486, 231.3114783144148, 145.16542288024377, 272.21498856602295, 299.54799281584246, 134.6291201783626, 188.76705220985997, 215.3369452741447, 253.0553299181821, 90.68627239003708, 227.2201575564985, 149.30840565755165, 98.73702446397704, 115.37764081484765, 110.65260954898443], [249.25689559167665, 0.0, 312.0256399721023, 366.81603018406923, 350.4069063246328, 287.0069685565143, 305.0147537415199, 331.20386471175124, 100.26464980241042, 231.93102422918759, 219.92044015961773, 195.34584715319647, 391.76013069223876, 22.02271554554524, 208.33866659840174, 300.8853602287755, 167.5857989210303, 425.50323148009113, 355.8272052555847, 313.2602751706638, 354.8436275319031, 85.00588214941364, 90.21086409075129, 237.47420912595962, 102.61578825892242, 189.19038030513073, 185.14858897652988, 209.74508337503408, 130.29965464267354, 325.25989608311687, 168.68906307167634, 197.2232237846243, 358.235955761004], [416.0588900624526, 312.0256399721023, 0.0, 244.13520843991347, 172.23530416264836, 25.709920264364882, 9.899494936611665, 283.09715646752795, 259.763353843455, 217.95412361320444, 438.32065887886233, 126.49110640673517, 327.49351138610365, 334.0134727821619, 413.488814842675, 468.20935488304804, 447.24601731038365, 370.10944327320266, 293.7839342101606, 255.068618218706, 410.7578362003578, 227.05505940189926, 392.32894361747003, 294.15982050579237, 260.6338427756457, 487.1231877051225, 165.5294535724685, 444.8381728224321, 436.74477672892664, 360.83514241270905, 325.2199255888237, 300.8005984036601, 480.5632112428083], [298.0151002885592, 366.81603018406923, 244.13520843991347, 0.0, 75.23961722390672, 247.39644298170498, 250.05599372940455, 75.43208866258443, 268.3076592272386, 135.80132547217644, 352.16615396712956, 292.4414471308744, 88.50988645343524, 382.83286170338096, 326.84093990808435, 330.9531688925187, 534.2068887612738, 128.5496013218244, 67.11929677819934, 67.60177512462228, 214.7091055358389, 309.61266123981426, 455.8113644919354, 171.0204666114556, 266.4507459175147, 468.44957039152035, 194.982050455933, 370.4119328531412, 444.5447109121871, 170.88007490635061, 255.51907952244974, 211.00947846009194, 307.514227313144], [335.8094697890457, 350.4069063246328, 172.23530416264836, 75.23961722390672, 0.0, 178.71765441612084, 179.0111728356641, 135.47324459095236, 259.2373429890069, 139.51702405083043, 381.18237105091833, 239.30106560565082, 163.29421300217592, 369.120576505835, 354.9535180837063, 376.6284641393956, 514.068088875394, 203.78910667648555, 136.49908424601244, 114.0570032922135, 277.41845648766775, 280.8077634254438, 440.6007262817437, 201.42740627829173, 258.11818998280614, 479.33495595460175, 166.14752480852673, 396.18177646126026, 446.2790606784056, 229.65408770583642, 273.18308878845335, 232.13789005675054, 364.66422912043345], [399.80495244556437, 287.0069685565143, 25.709920264364882, 247.39644298170498, 178.71765441612084, 0.0, 18.027756377319946, 279.8660393831306, 237.8570999570961, 206.60348496576722, 419.23740291152455, 100.90094152187085, 327.72702055216627, 309.01456276363416, 394.79108399253397, 452.8631139759563, 421.5613834306933, 370.74249823833253, 292.4995726492605, 251.40604606890423, 402.5232912515747, 202.00247523235947, 366.77104574925215, 281.6895454219059, 238.88281646028875, 463.62269142051275, 147.29901561110313, 424.85291572496004, 412.4621194728069, 352.8809997718778, 307.0390854598157, 285.04736448527285, 468.61498055439927], [414.60945478847924, 305.0147537415199, 9.899494936611665, 250.05599372940455, 179.0111728356641, 18.027756377319946, 0.0, 286.90416518412553, 255.1960031034969, 218.56349191939628, 435.4365625438452, 117.72000679578642, 332.52067604887367, 327.0244639166923, 410.8053066843222, 467.2065924192423, 438.6171451277298, 375.2932186970609, 298.2767171604247, 258.69286808878206, 412.78081350760476, 220.00909072126996, 384.5256818471297, 294.37391188758556, 256.1640099623677, 481.48624071721923, 162.92943257741985, 441.45781225390044, 430.4648650006177, 362.9435217771492, 322.7785618655613, 299.5413160150032, 481.08731016313453], [225.5681715136247, 331.20386471175124, 283.09715646752795, 75.43208866258443, 135.47324459095236, 279.8660393831306, 286.90416518412553, 0.0, 231.00865784641059, 106.28264204469139, 283.0070670495703, 300.1066477104431, 61.741396161732524, 344.17001612575143, 258.54400012377005, 256.00781238079435, 497.8081959952046, 101.41498903022176, 24.758836806279895, 28.635642126552707, 142.30249470757707, 288.87713651308576, 416.473288459176, 107.82393055347222, 228.60008748904713, 408.35401308178666, 185.14858897652988, 302.6962173533062, 391.3693907295255, 96.17692030835673, 196.22436138257655, 151.7926216915697, 232.81967270830015], [191.42622599842477, 100.26464980241042, 259.763353843455, 268.3076592272386, 259.2373429890069, 237.8570999570961, 255.1960031034969, 231.00865784641059, 0.0, 132.6536844569347, 189.69449122207, 172.15400082484288, 291.7755987055806, 114.69088891450794, 168.43990026119107, 247.41261083461367, 267.5256997000475, 326.3525700833379, 255.60125195311545, 213.10326135467753, 267.7480158656643, 82.00609733428362, 187.6832437912346, 141.38246001537814, 3.0, 231.17525819170183, 103.07764064044152, 190.8821626030049, 189.2643653728826, 232.44139046219803, 93.98404119849285, 106.30145812734649, 290.13100489261745], [206.8260138377182, 231.93102422918759, 217.95412361320444, 135.80132547217644, 139.51702405083043, 206.60348496576722, 218.56349191939628, 106.28264204469139, 132.6536844569347, 0.0, 244.63237725207185, 201.9504889818294, 167.86899654194636, 247.315587862957, 218.3323155192561, 254.8489748851268, 399.51595712812275, 207.28000385951367, 129.3560976529518, 83.35466393669883, 198.29775591266787, 182.9371476764629, 320.31546949843056, 76.69419795525604, 130.728726758888, 340.812265037513, 82.02438661763951, 258.11818998280614, 311.46428366668306, 149.9399879951976, 134.01492454200763, 95.12623192369179, 262.6118809193522], [66.84309986827361, 219.92044015961773, 438.32065887886233, 352.16615396712956, 381.18237105091833, 419.23740291152455, 435.4365625438452, 283.0070670495703, 189.69449122207, 244.63237725207185, 0.0, 361.83559802761255, 323.736003558455, 212.24985276791125, 26.30589287593181, 92.89241088485109, 327.5759453928203, 337.71289581536564, 303.66428831853113, 284.5856637288674, 211.94574777522666, 262.8554735971842, 253.0, 182.13456563760764, 187.6832437912346, 149.80654191322887, 272.8094573140748, 24.08318915758459, 169.36646657470303, 214.24518664371436, 114.23221962301179, 149.6262009141447, 164.92422502470643], [357.4143253984093, 195.34584715319647, 126.49110640673517, 292.4414471308744, 239.30106560565082, 100.90094152187085, 117.72000679578642, 300.1066477104431, 172.15400082484288, 201.9504889818294, 361.83559802761255, 0.0, 357.6199099602817, 217.17504460687928, 340.13673721019904, 413.20696993153445, 320.9189928938454, 400.1262300824579, 318.98119066803923, 272.360055808483, 396.2852507979574, 112.57886124845996, 269.2248131209306, 263.7612556839992, 174.1551032843999, 380.4326484412188, 120.83045973594572, 362.49275854836054, 324.7552924895913, 350.03142716047654, 258.93628559937287, 251.0796686312932, 444.14074345864736], [261.1225765804252, 391.76013069223876, 327.49351138610365, 88.50988645343524, 163.29421300217592, 327.72702055216627, 332.52067604887367, 61.741396161732524, 291.7755987055806, 167.86899654194636, 323.736003558455, 357.6199099602817, 0.0, 404.0606390135025, 301.08636634693374, 281.02668912400475, 557.7248425523109, 43.18564576337837, 39.05124837953327, 86.34813257969161, 145.16886718577092, 350.6023388398885, 475.9180601742279, 161.5239920259526, 289.29223978530774, 457.73900860643283, 245.446531855718, 345.23180618245476, 445.56705443737644, 113.99122773266372, 249.26291340670798, 206.20620747203515, 242.00206610688264], [247.01821795163207, 22.02271554554524, 334.0134727821619, 382.83286170338096, 369.120576505835, 309.01456276363416, 327.0244639166923, 344.17001612575143, 114.69088891450794, 247.315587862957, 212.24985276791125, 217.17504460687928, 404.0606390135025, 0.0, 203.08126452235814, 296.73051747334654, 153.67498169838836, 436.5546930225353, 368.89293839812115, 327.42785464892876, 359.667902376623, 107.01868995647442, 73.0, 247.12952069714376, 116.72617529928752, 169.44615663980107, 204.70710783946902, 200.02499843769527, 109.38464243210744, 332.62741919450957, 173.0, 205.27542473467201, 357.1134273588715], [52.839379254491625, 208.33866659840174, 413.488814842675, 326.84093990808435, 354.9535180837063, 394.79108399253397, 410.8053066843222, 258.54400012377005, 168.43990026119107, 218.3323155192561, 26.30589287593181, 340.13673721019904, 301.08636634693374, 203.08126452235814, 0.0, 94.04786015641186, 327.9176725948146, 316.9384798348096, 279.68553770261343, 259.2392717163046, 195.97193676646665, 244.3460660620506, 250.353749722268, 156.3873396410336, 166.24379687675568, 164.05486887014357, 247.9697562203907, 44.27188724235731, 174.54225849346628, 193.6620768245554, 88.63972021616495, 123.32072007574396, 160.5615146914104], [56.08029957123981, 300.8853602287755, 468.20935488304804, 330.9531688925187, 376.6284641393956, 452.8631139759563, 467.2065924192423, 256.00781238079435, 247.41261083461367, 254.8489748851268, 92.89241088485109, 413.20696993153445, 281.02668912400475, 296.73051747334654, 94.04786015641186, 0.0, 419.90594184888596, 284.01584462842914, 271.3613826615718, 266.8332812825267, 145.49914089093448, 327.9176725948146, 343.77027212951384, 179.3599732381782, 244.77336456403913, 238.0693176366917, 306.91366864315444, 114.82595525402782, 262.2403477728017, 167.2423391369542, 154.77725931156684, 167.83622970026465, 74.33034373659252], [378.6000528261981, 167.5857989210303, 447.24601731038365, 534.2068887612738, 514.068088875394, 421.5613834306933, 438.6171451277298, 497.8081959952046, 267.5256997000475, 399.51595712812275, 327.5759453928203, 320.9189928938454, 557.7248425523109, 153.67498169838836, 327.9176725948146, 419.90594184888596, 0.0, 589.8508285999096, 522.518899179733, 480.625633939764, 505.6649088081948, 234.8041737278109, 82.85529554590944, 399.9412456849131, 269.74246977441277, 211.98113123577767, 347.932464711185, 308.01623333843946, 162.077142126828, 482.84262446474213, 321.13704239779, 357.1134273588715, 488.41990131443254], [272.45917125323564, 425.50323148009113, 370.10944327320266, 128.5496013218244, 203.78910667648555, 370.74249823833253, 375.2932186970609, 101.41498903022176, 326.3525700833379, 207.28000385951367, 337.71289581536564, 400.1262300824579, 43.18564576337837, 436.5546930225353, 316.9384798348096, 284.01584462842914, 589.8508285999096, 0.0, 81.15417426109393, 128.00390619039717, 140.1606221447379, 388.92801390488705, 507.4455635829325, 190.23406634985227, 323.736003558455, 477.7823772388429, 286.5257405539684, 360.347054934545, 470.5581791872287, 123.47064428438041, 275.0872588834314, 234.18368858654523, 235.05318547086316], [244.37675830569486, 355.8272052555847, 293.7839342101606, 67.11929677819934, 136.49908424601244, 292.4995726492605, 298.2767171604247, 24.758836806279895, 255.60125195311545, 129.3560976529518, 303.66428831853113, 318.98119066803923, 39.05124837953327, 368.89293839812115, 279.68553770261343, 271.3613826615718, 522.518899179733, 81.15417426109393, 0.0, 47.29693436154187, 148.07092894960846, 312.27071588607214, 441.2221662609439, 131.54847015454038, 253.21334877924585, 431.5669125408017, 206.40009689920205, 323.93826572357887, 415.59716072177395, 106.51291001564083, 220.05681084665386, 175.84083712266613, 242.2312944274542], [231.3114783144148, 313.2602751706638, 255.068618218706, 67.60177512462228, 114.0570032922135, 251.40604606890423, 258.69286808878206, 28.635642126552707, 213.10326135467753, 83.35466393669883, 284.5856637288674, 272.360055808483, 86.34813257969161, 327.42785464892876, 259.2392717163046, 266.8332812825267, 480.625633939764, 128.00390619039717, 47.29693436154187, 0.0, 164.34719346554112, 266.101484400219, 400.2224381515859, 103.58571330062848, 210.8885961829136, 402.5878786054046, 159.11002482559041, 302.82833420933383, 381.4315141673535, 115.80155439371269, 189.40960904874916, 144.66858677681205, 250.68905041904003], [145.16542288024377, 354.8436275319031, 410.7578362003578, 214.7091055358389, 277.41845648766775, 402.5232912515747, 412.78081350760476, 142.30249470757707, 267.7480158656643, 198.29775591266787, 211.94574777522666, 396.2852507979574, 145.16886718577092, 359.667902376623, 195.97193676646665, 145.49914089093448, 505.6649088081948, 140.1606221447379, 148.07092894960846, 164.34719346554112, 0.0, 346.0057802985378, 423.39579591677574, 133.82077566656082, 264.7564918939666, 359.95138560644546, 275.7861490358064, 235.8495283014151, 365.5680511204446, 50.0, 186.6815470259447, 161.4465855941215, 96.87620966986684], [272.21498856602295, 85.00588214941364, 227.05505940189926, 309.61266123981426, 280.8077634254438, 202.00247523235947, 220.00909072126996, 288.87713651308576, 82.00609733428362, 182.9371476764629, 262.8554735971842, 112.57886124845996, 350.6023388398885, 107.01868995647442, 244.3460660620506, 327.9176725948146, 234.8041737278109, 388.92801390488705, 312.27071588607214, 266.101484400219, 346.0057802985378, 0.0, 168.40427548016706, 214.93254755853056, 84.8999411071645, 267.86750456149025, 115.97413504743201, 259.6247291765559, 212.60291625469299, 307.2783754187723, 175.82377541163197, 185.52897347853784, 372.1357279273249], [299.54799281584246, 90.21086409075129, 392.32894361747003, 455.8113644919354, 440.6007262817437, 366.77104574925215, 384.5256818471297, 416.473288459176, 187.6832437912346, 320.31546949843056, 253.0, 269.2248131209306, 475.9180601742279, 73.0, 250.353749722268, 343.77027212951384, 82.85529554590944, 507.4455635829325, 441.2221662609439, 400.2224381515859, 423.39579591677574, 168.40427548016706, 0.0, 317.37044600907626, 189.69449122207, 161.9783936208777, 275.118156434649, 235.54405108174564, 101.07423014794622, 400.0049999687504, 238.36526592605728, 274.3446737226732, 410.0256089563187], [134.6291201783626, 237.47420912595962, 294.15982050579237, 171.0204666114556, 201.42740627829173, 281.6895454219059, 294.37391188758556, 107.82393055347222, 141.38246001537814, 76.69419795525604, 182.13456563760764, 263.7612556839992, 161.5239920259526, 247.12952069714376, 156.3873396410336, 179.3599732381782, 399.9412456849131, 190.23406634985227, 131.54847015454038, 103.58571330062848, 133.82077566656082, 214.93254755853056, 317.37044600907626, 0.0, 138.52075656738234, 300.6742423288034, 144.5060552364502, 199.5720421301541, 284.40112517358295, 92.34717104492157, 88.50988645343524, 44.68780594300866, 186.94651641579205], [188.76705220985997, 102.61578825892242, 260.6338427756457, 266.4507459175147, 258.11818998280614, 238.88281646028875, 256.1640099623677, 228.60008748904713, 3.0, 130.728726758888, 187.6832437912346, 174.1551032843999, 289.29223978530774, 116.72617529928752, 166.24379687675568, 244.77336456403913, 269.74246977441277, 323.736003558455, 253.21334877924585, 210.8885961829136, 264.7564918939666, 84.8999411071645, 189.69449122207, 138.52075656738234, 0.0, 231.07790893982056, 103.00485425454472, 189.16923639957952, 189.84203960134857, 229.5125268912353, 91.18113840043894, 103.31021246711285, 287.2368360778262], [215.3369452741447, 189.19038030513073, 487.1231877051225, 468.44957039152035, 479.33495595460175, 463.62269142051275, 481.48624071721923, 408.35401308178666, 231.17525819170183, 340.812265037513, 149.80654191322887, 380.4326484412188, 457.73900860643283, 169.44615663980107, 164.05486887014357, 238.0693176366917, 211.98113123577767, 477.7823772388429, 431.5669125408017, 402.5878786054046, 359.95138560644546, 267.86750456149025, 161.9783936208777, 300.6742423288034, 231.07790893982056, 0.0, 334.0374230531663, 125.80143083447024, 62.93647591023825, 355.64729719203547, 213.17832910500073, 257.93410011086166, 312.1954516004357], [253.0553299181821, 185.14858897652988, 165.5294535724685, 194.982050455933, 166.14752480852673, 147.29901561110313, 162.92943257741985, 185.14858897652988, 103.07764064044152, 82.02438661763951, 272.8094573140748, 120.83045973594572, 245.446531855718, 204.70710783946902, 247.9697562203907, 306.91366864315444, 347.932464711185, 286.5257405539684, 206.40009689920205, 159.11002482559041, 275.7861490358064, 115.97413504743201, 275.118156434649, 144.5060552364502, 103.00485425454472, 334.0374230531663, 0.0, 279.8517464658743, 291.61961525247233, 229.21169254643183, 159.84992962150469, 139.38794782907166, 328.9635238138113], [90.68627239003708, 209.74508337503408, 444.8381728224321, 370.4119328531412, 396.18177646126026, 424.85291572496004, 441.45781225390044, 302.6962173533062, 190.8821626030049, 258.11818998280614, 24.08318915758459, 362.49275854836054, 345.23180618245476, 200.02499843769527, 44.27188724235731, 114.82595525402782, 308.01623333843946, 360.347054934545, 323.93826572357887, 302.82833420933383, 235.8495283014151, 259.6247291765559, 235.54405108174564, 199.5720421301541, 189.16923639957952, 125.80143083447024, 279.8517464658743, 0.0, 148.07092894960846, 236.90715480964266, 124.95199078045935, 164.04877323527901, 187.88294228055935], [227.2201575564985, 130.29965464267354, 436.74477672892664, 444.5447109121871, 446.2790606784056, 412.4621194728069, 430.4648650006177, 391.3693907295255, 189.2643653728826, 311.46428366668306, 169.36646657470303, 324.7552924895913, 445.56705443737644, 109.38464243210744, 174.54225849346628, 262.2403477728017, 162.077142126828, 470.5581791872287, 415.59716072177395, 381.4315141673535, 365.5680511204446, 212.60291625469299, 101.07423014794622, 284.40112517358295, 189.84203960134857, 62.93647591023825, 291.61961525247233, 148.07092894960846, 0.0, 352.61877431583247, 196.31097778779463, 239.82702099638396, 333.65401241405743], [149.30840565755165, 325.25989608311687, 360.83514241270905, 170.88007490635061, 229.65408770583642, 352.8809997718778, 362.9435217771492, 96.17692030835673, 232.44139046219803, 149.9399879951976, 214.24518664371436, 350.03142716047654, 113.99122773266372, 332.62741919450957, 193.6620768245554, 167.2423391369542, 482.84262446474213, 123.47064428438041, 106.51291001564083, 115.80155439371269, 50.0, 307.2783754187723, 400.0049999687504, 92.34717104492157, 229.5125268912353, 355.64729719203547, 229.21169254643183, 236.90715480964266, 352.61877431583247, 0.0, 161.89502771858065, 128.08200498118384, 136.69308687713507], [98.73702446397704, 168.68906307167634, 325.2199255888237, 255.51907952244974, 273.18308878845335, 307.0390854598157, 322.7785618655613, 196.22436138257655, 93.98404119849285, 134.01492454200763, 114.23221962301179, 258.93628559937287, 249.26291340670798, 173.0, 88.63972021616495, 154.77725931156684, 321.13704239779, 275.0872588834314, 220.05681084665386, 189.40960904874916, 186.6815470259447, 175.82377541163197, 238.36526592605728, 88.50988645343524, 91.18113840043894, 213.17832910500073, 159.84992962150469, 124.95199078045935, 196.31097778779463, 161.89502771858065, 0.0, 44.77722635447622, 196.75619431164043], [115.37764081484765, 197.2232237846243, 300.8005984036601, 211.00947846009194, 232.13789005675054, 285.04736448527285, 299.5413160150032, 151.7926216915697, 106.30145812734649, 95.12623192369179, 149.6262009141447, 251.0796686312932, 206.20620747203515, 205.27542473467201, 123.32072007574396, 167.83622970026465, 357.1134273588715, 234.18368858654523, 175.84083712266613, 144.66858677681205, 161.4465855941215, 185.52897347853784, 274.3446737226732, 44.68780594300866, 103.31021246711285, 257.93410011086166, 139.38794782907166, 164.04877323527901, 239.82702099638396, 128.08200498118384, 44.77722635447622, 0.0, 193.21490625725542], [110.65260954898443, 358.235955761004, 480.5632112428083, 307.514227313144, 364.66422912043345, 468.61498055439927, 481.08731016313453, 232.81967270830015, 290.13100489261745, 262.6118809193522, 164.92422502470643, 444.14074345864736, 242.00206610688264, 357.1134273588715, 160.5615146914104, 74.33034373659252, 488.41990131443254, 235.05318547086316, 242.2312944274542, 250.68905041904003, 96.87620966986684, 372.1357279273249, 410.0256089563187, 186.94651641579205, 287.2368360778262, 312.1954516004357, 328.9635238138113, 187.88294228055935, 333.65401241405743, 136.69308687713507, 196.75619431164043, 193.21490625725542, 0.0]]
0世代
rank = 0, pop_id = 0, calclation_time:123.83906197547913[sec]
pop_index = 0, scores = 724.5965238238115, rank = 0
0世代評価 : [724.5965238238115, 693.5441682296571, 790.3938148800767, 773.6068105472935, 740.0558387483335, 838.6885852963863, 705.2258159747191, 759.1880140973208, 744.4784435308477, 780.6940500215771, 758.2732581782727, 708.6788166599963, 814.9963388330646, 770.598040625683, 749.6152323764702, 784.7183483323697, 784.3812470404854, 813.365204843521, 806.5890186703894, 848.6652554871198, 773.7822725620081, 793.4015506877332, 687.8183565273964, 774.7262770565148, 735.2811450742478, 729.7417712829019, 789.503755907287, 712.3773246627945, 822.9043262553238, 704.621629020268, 742.7294238176182, 707.4247659326992, 737.3282935011885, 790.5058495429943, 752.5105596123107, 718.2055727024432, 702.3318462990476, 766.7503933990993, 757.8650311239294, 737.600401480009, 726.1716850506842, 776.8116302570736, 770.4306802293747, 800.1371991371087, 735.3674335867826, 771.7379957667641, 682.3071764148614, 774.0601763443123, 766.4545698027678, 756.6827526064956, 797.3237521149863, 761.946867639423, 776.9652363005116, 745.4848408822304, 780.0821657885195, 660.0206209445275, 767.2716788846278, 765.5109317508917, 714.9742867182852, 738.7226252999079, 733.9322435376696, 753.362204053264, 756.336710627244, 767.1353103220231, 820.3405230548457, 695.1145570667032, 770.1567182568143, 700.938566306187, 781.9611363273917, 823.7196825153434, 789.7291407364345, 761.5889858811929, 706.3863616507725, 751.9134259605846, 760.5944405731357, 679.8766147959724]
0世代, new best [0, 1, 1, 1, 1, 1, 1, 1, 0, 1, 0, 1, 0, 0, 1, 0, 0, 1, 1, 0, 0, 0, 1, 1, 0, 1, 1, 1, 1, 1, 1, 0, 0] = 724.5965238238115
拠点利用数 : 20
0世代, new best [1, 0, 0, 0, 1, 0, 1, 1, 1, 1, 1, 1, 1, 1, 0, 0, 0, 0, 0, 1, 1, 0, 1, 1, 1, 1, 0, 0, 1, 1, 1, 0, 1] = 704.621629020268
拠点利用数 : 20
0世代, new best [1, 0, 1, 1, 0, 0, 1, 1, 1, 0, 0, 1, 1, 1, 0, 0, 0, 1, 0, 1, 1, 0, 1, 1, 1, 1, 1, 1, 0, 0, 1, 1, 0] = 679.8766147959724
拠点利用数 : 20
1世代
rank = 0, pop_id = 0, calclation_time:125.88396644592285[sec]
pop_index = 0, scores = 743.1080823010984, rank = 0
1世代評価 : [743.1080823010984, 731.0713519593272, 748.4997612085385, 755.9540257391595, 782.1872896856695, 751.8331601659055, 770.9251009167274, 793.1810836581448, 750.4435357078535, 722.6753903252857, 773.3322285303519, 763.5450057294402, 728.1786451785672, 718.5524741777183, 735.7729311169187, 822.2915038116545, 757.4712817828442, 765.2000882414246, 664.2258903280278, 745.9295442531767, 753.7679735230881, 799.8598497187273, 763.3713563417373, 729.8999344928103, 762.4388882822942, 773.1316229094248, 724.5765313319052, 700.9872184717614, 665.764524571742, 678.8102341823387, 731.4532857644422, 760.5011027854177, 698.2055339121089, 767.248578823617, 693.7394003513208, 670.9932474826192, 811.4244791775966, 712.7979642255011, 750.9035711410723, 753.9161447327609, 748.6016281486295, 718.3956734001584, 737.4130158979887, 769.2336243729901, 736.042073640823, 786.3726117994455, 737.2230723795145, 716.1169403596965, 774.4140574252318, 751.8051508921111, 803.6476469975097, 732.1372256480413, 723.3611118736462, 692.5159380027994, 799.4884067822871, 696.2626923175476, 730.5793752012463, 746.7706881851033, 722.8800954585471, 806.9288422700017, 765.3110218210563, 766.6901546028362, 743.962253183858, 774.8997258262657, 709.5716733348414, 752.1265111143283, 766.8427306150526, 798.6656867900025, 762.9764793921968, 791.0294094129459, 739.3979095469155, 799.5926197738609, 787.0752603977735, 736.7955101482731, 733.6245585843842, 786.7603847835734]
2世代
rank = 0, pop_id = 0, calclation_time:137.99611234664917[sec]
pop_index = 0, scores = 792.0954084843336, rank = 0
2世代評価 : [792.0954084843336, 736.4957420999909, 715.2072114781424, 679.8873570120588, 766.4874440668609, 737.2358171697354, 773.3010044860335, 741.6496127892598, 826.4485518918319, 760.186368616987, 714.8785451325936, 743.0912434626159, 751.8131407869179, 704.7045492445857, 732.3558468818339, 696.4019256250175, 704.7356975081402, 770.7332914878156, 741.294593922505, 734.7203343029146, 705.3788723908305, 711.9853180879463, 691.8289168448077, 744.0660479739805, 726.3780407025426, 769.3036483769869, 763.5462374131116, 708.0603795762961, 704.884540760838, 751.6599506951918, 698.0551240911193, 771.575014194291, 754.3276654916449, 717.5297654755743, 702.3730527395587, 724.5279954188209, 770.8263268701425, 718.163498456911, 737.3667234501373, 709.7576858110792, 756.3670031577036, 642.2724177514367, 756.1990473509276, 665.806403724127, 761.2755973423515, 689.3275926101198, 725.8347785791194, 698.0165205961082, 755.4802861230024, 680.5260843847742, 707.9573461435347, 666.6375651556324, 754.6986466387181, 750.4434331085452, 761.1926294253473, 720.4239744746925, 850.4649685867789, 751.5014687604746, 734.3092517965179, 790.503119497402, 763.1975772028179, 761.8787722049694, 717.043924455627, 752.4161042485578, 694.6292899167165, 869.0379358271387, 735.5464083143594, 808.5613177501696, 683.1377467861846, 713.2847854355416, 728.4117197778749, 714.1094223932683, 746.2827889561443, 744.3600040083712, 744.3712773898708, 735.6471882968641]
3世代
rank = 0, pop_id = 0, calclation_time:125.12886357307434[sec]
pop_index = 0, scores = 705.7928918956444, rank = 0
3世代評価 : [705.7928918956444, 773.1925152728389, 768.0636198542921, 705.8029420246518, 708.475676426832, 794.7634073189838, 690.0637064594663, 752.8930430910581, 632.6258919847002, 759.7260763940596, 692.417867778245, 702.3874134023522, 763.1776292683128, 767.7722823348554, 692.2551506513013, 697.9756795312542, 744.8639014050649, 746.6088836424535, 729.8995944367431, 766.9698751364389, 787.1620963471006, 713.0902635920501, 721.6590006217377, 740.7829613633738, 632.8657418838068, 679.4275136332525, 682.580607786088, 786.4823547279769, 793.4495505635193, 707.8819836212118, 753.4478096992602, 708.3144273058311, 712.8917949252667, 715.7252893823533, 767.6103627348414, 707.5766721335219, 671.7324138153225, 729.4818668636999, 770.7976117937237, 735.1074526777813, 781.5632183890616, 722.4747823149484, 697.3922518183924, 784.9084491447671, 767.5391533771015, 733.2301964762929, 780.9034692912286, 799.7179987991456, 709.6502233541124, 683.1586901348942, 660.4921703158077, 753.0845889584475, 733.0295148262101, 764.6595020611685, 810.7405837650872, 742.4156117135325, 731.8469914452211, 698.8361578934434, 748.0886171286995, 793.996893740679, 715.5541992465617, 666.2125906915702, 767.510285381342, 826.3547272184004, 754.1781112809475, 743.8664845774645, 769.4505813013434, 755.7777143802139, 783.7786488095878, 709.8114933886272, 820.7018700884274, 780.604058719195, 773.0278206109494, 632.9142176372246, 705.271530222726, 668.6896653281229]
4世代
rank = 0, pop_id = 0, calclation_time:138.328045129776[sec]
pop_index = 0, scores = 747.4846271326392, rank = 0
4世代評価 : [747.4846271326392, 677.8138034604058, 778.2373992352611, 736.6246955685367, 733.384020055915, 752.3004388091344, 822.740973205668, 737.9204998839787, 739.2787184769485, 758.9993062553386, 758.3957610544333, 795.610539116397, 842.668521932295, 754.0994770624843, 707.1892895792372, 754.1433803523671, 770.8651270961768, 641.4967109472939, 705.6265449289291, 706.7475575160062, 676.9604863366549, 718.3499312291548, 718.1827586159949, 718.9620237845478, 703.2237865902372, 725.4512762697436, 775.4603962826912, 761.4503149251966, 807.0794943098663, 726.2273237474873, 716.4664135806295, 672.980753169893, 749.6336103789081, 711.1714316251732, 743.9006973356621, 709.5269281479549, 703.0735645864956, 756.3057614878716, 747.747174837046, 742.0820443991951, 813.8781277075968, 702.8681157244075, 807.2997682572952, 725.8847416911262, 700.5723866517827, 749.5012884621821, 759.089992563591, 714.9019466281934, 722.3609329014739, 814.3167766014008, 674.9399131711823, 694.3970882947, 745.6811425982017, 770.7040102461053, 773.0440433130198, 705.024341003401, 768.7364141290009, 729.3707040386463, 666.3608976496645, 680.0666027770226, 638.4182726470904, 695.9236948633719, 750.1935252231882, 744.1466324013351, 675.1387787247568, 600.3525540797018, 729.2454888859361, 665.1663125398003, 765.1882550401384, 780.7863937777634, 750.3938758664508, 794.2234705215462, 769.734072628818, 683.153006122848, 763.6697388491547, 792.6551634054829]
5世代
rank = 0, pop_id = 0, calclation_time:125.39918994903564[sec]
pop_index = 0, scores = 752.2834914114205, rank = 0
5世代評価 : [752.2834914114205, 761.4124843580023, 784.4169883568007, 786.4457761395853, 785.9748586347469, 735.2505365333699, 692.0605183787783, 787.2033368034947, 736.3127840223971, 666.3792808957141, 628.1051881679306, 771.6211976193052, 710.1104327905223, 734.6833093706404, 787.669193105273, 705.1413400523364, 749.6192927082626, 732.6160576113934, 721.3756870316914, 707.0689793778272, 716.3732833692333, 693.3349823873051, 775.543982238702, 707.3302207482893, 682.4891419252182, 817.7617019577949, 717.7157435877183, 744.5794860209734, 714.3804671770221, 814.0223771976123, 728.3464908960078, 790.2228394795361, 763.5030252613541, 737.3638702482714, 731.5246649146126, 639.4330824923665, 772.0869237741475, 762.0838124530192, 750.7013440980907, 735.6842684624168, 765.4757325568329, 693.9584697480351, 702.006767399512, 750.0622034729714, 682.9920510064353, 671.5123631477732, 689.7470452966995, 731.5892084129374, 723.9857983386686, 858.7587012574629, 751.2228040184517, 727.4724811815134, 811.6144403463645, 759.4797103522194, 760.1992154183706, 734.1110342626674, 771.1118347504995, 777.5494079957564, 713.3291427801179, 728.1817502206086, 690.1933290479997, 700.6993968211968, 738.7476899010522, 692.6648514146088, 784.2132135372066, 769.5999109188382, 706.4846087911892, 735.8459325359586, 762.3245692433479, 748.9203814007484, 792.551745106233, 744.4266645504821, 793.693054420241, 782.2676803232762, 707.8237652028965, 686.8420957910614]
6世代
rank = 0, pop_id = 0, calclation_time:119.56958889961243[sec]
pop_index = 0, scores = 709.56580125057, rank = 0
6世代評価 : [709.56580125057, 714.576375323149, 743.6382755178436, 830.4478250226974, 743.7696693486494, 791.0541410827549, 869.3430626677952, 654.3437304587876, 790.6194740164927, 825.0931645563545, 715.2233931621084, 692.5023570487359, 753.3742402928042, 684.3332422873119, 809.206163280487, 839.443638709805, 739.8243551773029, 740.3425429443563, 748.0827039871039, 763.5105161579428, 730.8669753931566, 674.8806077044918, 757.8265670032158, 813.3235472243886, 725.3914123726549, 755.3381523076097, 803.4954784589952, 727.6975579749823, 703.8187893174226, 741.997058062661, 665.6305992953078, 680.337254101174, 659.460227896404, 787.8248787010515, 763.3276069351732, 745.9323559692137, 682.5367072019575, 771.9517226702466, 673.3517859953174, 709.16583220798, 708.2069163935995, 762.2700698323434, 706.7935891499716, 777.6610746330567, 780.9413358829586, 699.3538698518497, 733.4764631457178, 794.2502675180452, 646.37869161675, 665.7337418409941, 682.1721604597867, 672.2336330739598, 687.4366684208877, 706.8678105999244, 719.4592717020422, 751.8184539860051, 741.5914546824813, 771.0052702026206, 731.5750813323572, 722.6601452306611, 760.3168676286878, 794.1848077305042, 785.2397704900741, 723.8562535310733, 681.6866835615356, 758.3477256055454, 731.4089211258191, 765.9138181962222, 667.7422079919653, 795.3297904185202, 709.2038314838885, 698.5742631547573, 692.9986178937022, 714.089750212118, 778.4858151374434, 661.2295470371428]
7世代
rank = 0, pop_id = 0, calclation_time:100.66588139533997[sec]
pop_index = 0, scores = 688.3912097428506, rank = 0
7世代評価 : [688.3912097428506, 813.7934284211584, 780.4745233533355, 813.5001280972402, 701.5303575600939, 634.8420892621837, 731.0170946318177, 779.2854303560975, 779.7907988477206, 675.8655043040638, 661.3210460025352, 768.6488243529132, 714.6023227374454, 747.8145113771334, 723.6850887990448, 714.5037070039513, 756.6690978659547, 744.1644130287456, 779.7367000293777, 754.1676627511115, 784.3921716609182, 771.8758726915804, 698.6932783632597, 681.5923429272409, 788.9139384768582, 774.3979900195345, 662.4499811205876, 717.3211852750496, 698.5144972783364, 771.8411905157076, 701.3223835552428, 695.0317357923993, 651.7400330180888, 789.41516778133, 766.7301548862357, 840.9846674147208, 752.8419444067248, 787.8201767076016, 777.432055810018, 721.7797646266044, 668.1855749324991, 731.5694093993934, 740.5147466656217, 712.5087798767402, 767.0991066552273, 743.590193862539, 729.8291730357635, 704.3771036004731, 717.798904982617, 725.6882959564845, 741.3381349751685, 720.5474554904027, 703.6387964582087, 750.3591543076598, 680.1646699187527, 678.2691578725144, 796.9989801213205, 753.0847367933014, 743.2202880373111, 749.993031366558, 756.3539081904519, 814.3129742369148, 735.4947942553633, 762.3193596957179, 786.8684022850351, 759.1324296442403, 711.3903507239343, 766.0730129875728, 671.7497107708181, 703.6893965609611, 688.3273584908692, 647.6153744445166, 689.0614620498142, 790.9477789902791, 686.1501187409657, 787.0766809417863]
7世代, new best [0, 1, 1, 1, 0, 1, 1, 1, 1, 0, 1, 1, 1, 1, 0, 1, 1, 0, 1, 1, 1, 0, 0, 1, 0, 0, 0, 1, 1, 1, 0, 0, 1] = 668.1855749324991
拠点利用数 : 21
8世代
rank = 0, pop_id = 0, calclation_time:132.04206085205078[sec]
pop_index = 0, scores = 748.6705023215924, rank = 0
8世代評価 : [748.6705023215924, 788.4601693597498, 790.7471802496312, 810.8315839755212, 718.3580761277423, 808.0589683762166, 750.0949756630804, 726.3061685102148, 732.4690553629013, 730.2660508089798, 751.3987326364246, 756.9933983072756, 760.58420632378, 679.9223025689988, 749.1571871537773, 820.8855898151271, 728.5537940395773, 712.4566464947005, 741.4926907263338, 782.8980704459267, 670.8756467218581, 696.5608157651392, 821.3515342643143, 771.7722917396216, 732.0184945281719, 749.254446178788, 702.380101914245, 753.9778110547604, 803.0982178333705, 689.2248379532159, 681.4625229641111, 750.6977253107618, 783.2113486481518, 748.8361127161769, 737.8726676422533, 698.7319741058802, 631.0342777683232, 787.1572286472591, 738.1532123318487, 664.9386778744409, 749.7284939324222, 729.0471502415298, 662.2390922370704, 754.9549182641, 719.7122307470379, 760.351377091127, 692.2721701607258, 820.4922387269069, 679.7490641266149, 793.7484344200768, 759.9009102271632, 812.4062782498868, 728.6597747841344, 697.1159365088197, 725.0647559939999, 742.3639307953592, 750.9779465551355, 760.8295339810154, 760.0169947268462, 692.1670318359818, 748.9753928806135, 742.9176956018953, 712.3560821880711, 811.0773580992824, 758.1861245141315, 819.0354685797653, 722.7871003365283, 795.4166175793545, 731.2299844411878, 729.9345086948418, 680.4550418823247, 778.4596808010936, 724.2446289864507, 751.8817961370829, 786.6168343610342, 753.3131996503384]
9世代
rank = 0, pop_id = 0, calclation_time:126.15280890464783[sec]
pop_index = 0, scores = 744.4590080889059, rank = 0
9世代評価 : [744.4590080889059, 899.9749492306298, 764.2563064939521, 682.9545039690582, 723.2730733192518, 723.203675285529, 735.4228852533203, 655.4079707729443, 755.663682931008, 702.5794633504835, 673.2285390245688, 747.3889947776609, 792.3682139629537, 733.0088113302086, 707.6518605709331, 755.3549447183701, 763.7424621886321, 770.9326234583118, 767.7629985020634, 745.5757365660867, 757.6081917402896, 665.5749660090103, 709.8288101247763, 728.8165161872189, 686.6071632037995, 693.5113072666882, 771.3236466334882, 825.9680035901879, 823.3330907168747, 721.2676776023804, 793.5381507541676, 804.06708875925, 753.7580284650031, 746.6318553123668, 742.4051180600469, 768.3765351094346, 729.746848659477, 708.879752425825, 720.2515797148525, 661.8465569049848, 767.2298969103995, 757.5339364402378, 809.0440484731711, 708.913407848313, 752.1323253357465, 675.4263702516788, 707.7977439216721, 758.5850788675882, 729.617571239975, 806.8261527139795, 776.4236192572912, 748.8664915377522, 803.4263107768501, 751.2842986157975, 766.8328454887356, 727.4177308943072, 712.2778816580603, 716.8223619860208, 757.618585347743, 708.2812465562149, 754.5298214975692, 689.3111335962234, 730.8731150261501, 756.5441711491478, 737.5955314832337, 765.7987557731127, 758.458036143681, 714.6669833353135, 712.0954799218622, 737.7768008880083, 698.239064925617, 778.0393901234867, 736.4414239970829, 799.4246673170852, 700.6174342957071, 746.4924799422497]
10世代
rank = 0, pop_id = 0, calclation_time:125.71518898010254[sec]
pop_index = 0, scores = 757.0219828056655, rank = 0
10世代評価 : [757.0219828056655, 706.1971736460665, 743.8805614985264, 758.2849120382672, 736.1359876130572, 701.7067050516669, 829.863658017937, 677.472046066429, 818.8067456966689, 723.2061391317457, 743.1934285802391, 724.0200380425526, 711.3889551571938, 655.2302533171995, 729.6997319326978, 806.1172240398772, 756.5863714323264, 692.090442126669, 691.1702557224337, 801.136207299586, 729.3523281240326, 776.4832368321266, 743.8793343245658, 734.4472001084837, 750.2887283975116, 784.3543912741036, 700.8607204837595, 748.3637354812539, 805.6469387211862, 684.4798862491114, 726.4981644671966, 774.0684977447597, 692.6070110371808, 754.9870328779984, 750.6359992960702, 710.1695966283138, 837.9292722913206, 709.332804686859, 750.547365829154, 800.8541930222336, 713.3662291181101, 745.7941341569227, 793.1605550213666, 733.332449252101, 753.8869714288325, 817.8394895248714, 816.9701957786533, 687.1639576395481, 710.8483815100494, 761.2753970541598, 759.5235378158453, 714.551223548435, 721.5347684753749, 738.631827872813, 806.5182294913376, 662.2320798664234, 777.7380721801513, 719.2104895237653, 740.5357420437031, 786.4503142003393, 740.9751358228007, 792.3522478085671, 803.4654747340693, 763.832378582258, 801.8084493151015, 768.2199780111567, 672.2266599474898, 662.807012204643, 772.9914914793019, 741.4946708284895, 701.92174920753, 715.5020731813904, 742.8115018829809, 717.8532424978001, 726.3522389407963, 748.9845707738751]
11世代
rank = 0, pop_id = 0, calclation_time:110.9396402835846[sec]
pop_index = 0, scores = 707.2665227960614, rank = 0
