Popularity : [[5, 5], [7, 5], [3, 5], [6, 4], [2, 7], [5, 4], [12, 7], [10, 4], [4, 8], [6, 5], [1, 1], [3, 7], [10, 14], [3, 8], [6, 6], [15, 6], [3, 7], [2, 6], [5, 2], [2, 4], [16, 3], [7, 4], [10, 2], [8, 2], [7, 6], [4, 16], [1, 12], [14, 14], [14, 6], [13, 16], [2, 17], [5, 4], [7, 8]]
Distance : [[0.0, 87.00574693662483, 160.41508657230466, 109.65856099730654, 238.81373494839028, 49.64876634922564, 108.664621657649, 209.80467106334882, 319.3900436770063, 304.4240463563941, 319.7577207824699, 320.7054723574264, 338.02366781040644, 250.0319979522621, 358.71576491701614, 49.33558553417604, 401.90794966011805, 269.874044694928, 352.0113634529431, 115.91807451816995, 274.1751265158822, 279.69268849936, 293.58644382872995, 99.04039579888602, 115.43396380615195, 211.8726032312814, 118.30891766895681, 309.01294471267704, 343.98401125633734, 276.04528613979267, 324.13731658048874, 70.26378868236469, 132.06059215375342], [87.00574693662483, 0.0, 224.96444163467257, 125.03199590504823, 318.7883310285996, 135.07405376311175, 195.31000998412753, 172.69626515938322, 403.1178487737798, 386.8074456367147, 292.41238003887594, 357.4045327076868, 362.6927073984256, 337.013352851189, 387.07234465923807, 134.9518432626987, 472.6309342393915, 301.1212380420883, 402.9516099980245, 130.86252328302402, 310.074184671991, 361.2118491965622, 274.8035662068453, 28.160255680657446, 192.6577275896298, 202.98768435548004, 117.39250401963491, 376.52755543253403, 426.8079193267154, 288.88232898535, 309.3169895107606, 153.95129099815955, 109.55363982999378], [160.41508657230466, 224.96444163467257, 0.0, 123.62847568420473, 260.2786967848118, 122.15563842901399, 139.35924798878617, 228.52789764052878, 206.6422028531442, 299.5413160150032, 288.7247824486149, 179.0111728356641, 212.04952251773642, 200.66140635408692, 225.28204544525957, 123.06502346320826, 247.83260479605988, 143.29340529138108, 194.4659353203023, 268.77871939571406, 139.08630414242805, 284.29737951659, 252.4915840181609, 247.53585598858197, 194.0412327316027, 180.83417818543043, 145.12063946937388, 151.6047492659778, 224.0803427344755, 181.13530854032848, 269.0018587296378, 103.73041983911952, 175.03428235634297], [109.65856099730654, 125.03199590504823, 123.62847568420473, 0.0, 319.394740094448, 115.42096863222038, 177.72169254201918, 119.20151005754919, 327.0550412392385, 375.8683280086259, 214.94650497274898, 232.38115241989829, 239.38462774372127, 295.62983611266304, 262.94486114012574, 116.21101496846157, 365.22458843840184, 176.207264322445, 280.72228269234347, 221.02036105300343, 185.0756602041446, 354.6110545372211, 186.04300578092153, 152.5319638633162, 210.23796041628637, 103.36827366266692, 22.090722034374522, 267.6490239100453, 346.2831211595506, 170.06469357276953, 215.24404753674375, 117.5925167687128, 52.009614495783374], [238.81373494839028, 318.7883310285996, 260.2786967848118, 319.394740094448, 0.0, 206.81634364817495, 141.6756859873987, 436.81803992051425, 225.32199182503248, 71.00704190430693, 530.2009053179747, 428.56504757154426, 468.87524993328446, 108.16653826391968, 477.96338771918505, 206.22802913280242, 375.22526567383494, 402.32325311868317, 413.9371933035252, 235.1361307838504, 395.60080889704966, 44.04543109109048, 497.31780583445834, 318.69264189811474, 126.17844506887855, 416.18505499356894, 337.37960815674677, 323.05572274763995, 251.38217916153087, 440.3237445334966, 520.2124565982633, 201.80436070610565, 360.41087663942665], [49.64876634922564, 135.07405376311175, 122.15563842901399, 115.42096863222038, 206.81634364817495, 0.0, 67.11929677819934, 230.38446128157167, 269.74246977441277, 267.904833849634, 330.15148038438355, 294.11052344314373, 318.0393057469469, 203.98284241572867, 336.0862984413378, 1.0, 355.9845502265513, 248.16325271885037, 316.58963975468305, 146.71059948074645, 249.46542846655126, 244.73863609981976, 300.12330799189857, 148.66068747318505, 95.38343671728336, 217.30393461693234, 131.52186130069785, 265.1980392084376, 294.3637205907005, 265.1490147068248, 327.365239449762, 21.400934559032695, 153.60013020827813], [108.664621657649, 195.31000998412753, 139.35924798878617, 177.72169254201918, 141.6756859873987, 67.11929677819934, 0.0, 295.4081921680575, 225.37524265100637, 200.8830505542964, 389.62161131025573, 318.2263345482269, 350.5024964247758, 142.22517358048822, 364.58880948268285, 66.70832032063167, 335.8005360329254, 280.8558349046713, 324.7768464653846, 164.45364088398895, 278.08631753468205, 178.08986495586996, 357.60453017264757, 203.62956563328422, 56.753854494650845, 275.6700926832652, 195.8494319624134, 254.9215565620138, 251.9622987670973, 309.3751767676263, 382.2054421381255, 60.14149981501958, 219.6724834839357], [209.80467106334882, 172.69626515938322, 228.52789764052878, 119.20151005754919, 436.81803992051425, 230.38446128157167, 295.4081921680575, 0.0, 435.03563072465687, 494.79288596340996, 120.07081243999309, 262.77366686941826, 244.80604567698077, 413.9685978428799, 272.5013761433142, 231.0411218809327, 445.19209337094026, 207.1183236703117, 331.5448687583628, 300.3281538584087, 223.1815404552984, 473.12788968734446, 107.68936809174804, 197.60819821049935, 321.86487848163864, 68.96375859826666, 99.62429422585637, 350.5837988270422, 451.3501966322824, 163.6001222493431, 143.37712509323097, 235.63743335896356, 77.98717843338096], [319.3900436770063, 403.1178487737798, 206.6422028531442, 327.0550412392385, 225.32199182503248, 269.74246977441277, 225.37524265100637, 435.03563072465687, 0.0, 208.7773934122179, 482.84676658335405, 291.3314263858261, 342.47627655065395, 117.61802582937702, 339.0294972417592, 270.05925275761246, 156.11534197509224, 295.93580384941595, 242.21065211918324, 388.8457277635952, 281.0871750898643, 213.78961621182634, 445.53899941531495, 418.3837950972767, 268.1510768205118, 383.275357934736, 349.09167850293994, 142.63590010933433, 27.586228448267445, 354.24426600863984, 453.9438291242651, 249.6096953245206, 379.0646382874562], [304.4240463563941, 386.8074456367147, 299.5413160150032, 375.8683280086259, 71.00704190430693, 267.904833849634, 200.8830505542964, 494.79288596340996, 208.7773934122179, 0.0, 581.0619588305536, 454.1915895302334, 498.7684833667821, 108.78419002777932, 504.2667944649935, 267.4471910489994, 364.7903507495778, 435.98394465851607, 427.6564041377143, 306.08005488760614, 426.8044048507466, 27.018512172212592, 546.6708333174544, 388.124979871175, 195.143536915779, 467.7264157603246, 395.2429632517194, 330.4557459025338, 230.98268333362137, 480.40503744236486, 566.7636191570521, 259.4937378820537, 420.1737735746961], [319.7577207824699, 292.41238003887594, 288.7247824486149, 214.94650497274898, 530.2009053179747, 330.15148038438355, 389.62161131025573, 120.07081243999309, 482.84676658335405, 581.0619588305536, 0.0, 239.83536019528063, 200.82081565415473, 488.4147827410632, 226.52593670482858, 330.96978714076005, 452.9293543147761, 200.21238722916223, 317.63028822831114, 418.1913437650282, 218.11235636707977, 562.1716819620142, 37.33630940518894, 317.6476034853718, 425.17996189848833, 114.02192771568107, 201.83656754909404, 369.4996617048519, 493.4065261019558, 138.36184445142382, 47.41307836451879, 329.9969696830563, 190.19200824430033], [320.7054723574264, 357.4045327076868, 179.0111728356641, 232.38115241989829, 428.56504757154426, 294.11052344314373, 318.2263345482269, 262.77366686941826, 291.3314263858261, 454.1915895302334, 239.83536019528063, 0.0, 52.15361924162119, 346.1444785057245, 50.08991914547278, 295.0965943551365, 218.56349191939628, 58.0, 78.0, 435.9919724031625, 47.41307836451879, 444.5672052682249, 206.65188119153427, 384.75576668842797, 373.0053618917562, 193.89172236070317, 242.84357104934855, 152.63354808167173, 292.0633492925807, 105.3612832116238, 197.0101520226813, 278.84224930953343, 262.2746651889961], [338.02366781040644, 362.6927073984256, 212.04952251773642, 239.38462774372127, 468.87524993328446, 318.0393057469469, 350.5024964247758, 244.80604567698077, 342.47627655065395, 498.7684833667821, 200.82081565415473, 52.15361924162119, 0.0, 391.72439290909625, 27.80287754891569, 319.03918254659567, 268.28715958837836, 70.11419257183242, 125.1718818265508, 453.90858110416906, 73.37574531137656, 487.64741360946437, 171.2337583538947, 390.7083311115851, 403.1935019317648, 178.46568297574746, 245.41597340026587, 204.7266470198738, 343.9026024908797, 81.32035415564789, 155.1934276958918, 305.235974288746, 259.7306296916095], [250.0319979522621, 337.013352851189, 200.66140635408692, 295.62983611266304, 108.16653826391968, 203.98284241572867, 142.22517358048822, 413.9685978428799, 117.61802582937702, 108.78419002777932, 488.4147827410632, 346.1444785057245, 391.72439290909625, 0.0, 396.2335170073324, 203.8872237291979, 267.58550035455954, 330.84739684634064, 319.1801998871484, 292.4739304621867, 320.62439083762797, 104.30723848324239, 452.6510797512804, 345.83377510011945, 168.24089871371942, 377.51026476110553, 316.8359196808342, 223.02690420664499, 144.25324953012324, 378.71493236998197, 469.6221885728995, 188.904737897174, 344.70277051396033], [358.71576491701614, 387.07234465923807, 225.28204544525957, 262.94486114012574, 477.96338771918505, 336.0862984413378, 364.58880948268285, 272.5013761433142, 339.0294972417592, 504.2667944649935, 226.52593670482858, 50.08991914547278, 27.80287754891569, 396.2335170073324, 0.0, 337.08307581366347, 253.10274593532168, 88.84255736976509, 109.65856099730654, 474.60509900337144, 87.0, 494.5068250287351, 198.01010075246163, 414.97228823139505, 418.4781953698424, 205.86646157157313, 270.1184925176357, 198.17164277464119, 338.2366035780279, 108.93117092916977, 180.20543831971332, 322.1552420805845, 285.56785533389433], [49.33558553417604, 134.9518432626987, 123.06502346320826, 116.21101496846157, 206.22802913280242, 1.0, 66.70832032063167, 231.0411218809327, 270.05925275761246, 267.4471910489994, 330.96978714076005, 295.0965943551365, 319.03918254659567, 203.8872237291979, 337.08307581366347, 0.0, 356.6623052692841, 249.1625975141534, 317.5059054568907, 145.82523787054146, 250.4595775769016, 244.23349483639626, 300.98006578509484, 148.36778626103444, 94.51454914456292, 218.15590755237412, 132.23085872821065, 265.9567634033773, 294.72190281687585, 266.1296676434253, 328.25752085824325, 22.02271554554524, 154.20116731075677], [401.90794966011805, 472.6309342393915, 247.83260479605988, 365.22458843840184, 375.22526567383494, 355.9845502265513, 335.8005360329254, 445.19209337094026, 156.11534197509224, 364.7903507495778, 452.9293543147761, 218.56349191939628, 268.28715958837836, 267.58550035455954, 253.10274593532168, 356.6623052692841, 0.0, 253.09681941897256, 143.6175476743702, 496.5289518245638, 235.10423220350586, 368.5457909134223, 417.306841544684, 494.40974909481713, 388.8457277635952, 380.1473398565351, 384.6153923076922, 97.57561170702442, 136.61991070118586, 314.57431554403803, 413.1597753896185, 334.6774566653691, 412.8268402126974], [269.874044694928, 301.1212380420883, 143.29340529138108, 176.207264322445, 402.32325311868317, 248.16325271885037, 280.8558349046713, 207.1183236703117, 295.93580384941595, 435.98394465851607, 200.21238722916223, 58.0, 70.11419257183242, 330.84739684634064, 88.84255736976509, 249.1625975141534, 253.09681941897256, 0.0, 125.25174649480941, 385.7628805367359, 18.0, 423.30603586530634, 164.24676556937126, 328.7324139782994, 333.17412864746865, 138.19551367537227, 185.5505322007997, 170.60187572239644, 302.00165562460086, 62.16912416947821, 163.04907236779974, 235.1361307838504, 204.35263639111682], [352.0113634529431, 402.9516099980245, 194.4659353203023, 280.72228269234347, 413.9371933035252, 316.58963975468305, 324.7768464653846, 331.5448687583628, 242.21065211918324, 427.6564041377143, 317.63028822831114, 78.0, 125.1718818265508, 319.1801998871484, 109.65856099730654, 317.5059054568907, 143.6175476743702, 125.25174649480941, 0.0, 463.06047121299395, 108.46197490364999, 422.43579393796637, 283.9242856819402, 428.8554535038583, 381.4826339428834, 262.8802008520231, 295.3116997343654, 100.18482919085105, 236.9155967850154, 181.49655644116226, 275.00727263110696, 298.04194335697116, 318.91064579283017], [115.91807451816995, 130.86252328302402, 268.77871939571406, 221.02036105300343, 235.1361307838504, 146.71059948074645, 164.45364088398895, 300.3281538584087, 388.8457277635952, 306.08005488760614, 418.1913437650282, 435.9919724031625, 453.90858110416906, 292.4739304621867, 474.60509900337144, 145.82523787054146, 496.5289518245638, 385.7628805367359, 463.06047121299395, 0.0, 389.7550512822124, 279.06450867138227, 396.65854333418815, 113.45483682946268, 124.23365083583433, 318.34101212379153, 224.39696967650877, 409.4410824526528, 415.7811924558397, 390.3280671435248, 429.51600668659603, 166.35504200354134, 228.7116088002531], [274.1751265158822, 310.074184671991, 139.08630414242805, 185.0756602041446, 395.60080889704966, 249.46542846655126, 278.08631753468205, 223.1815404552984, 281.0871750898643, 426.8044048507466, 218.11235636707977, 47.41307836451879, 73.37574531137656, 320.62439083762797, 87.0, 250.4595775769016, 235.10423220350586, 18.0, 108.46197490364999, 389.7550512822124, 0.0, 415.0180718956706, 182.22239159883728, 337.37960815674677, 331.6036791110738, 154.434452114805, 196.02295783912658, 153.37861650177967, 286.2743439430086, 79.90619500389191, 180.44666802132977, 235.2126697267815, 216.4162655624572], [279.69268849936, 361.2118491965622, 284.29737951659, 354.6110545372211, 44.04543109109048, 244.73863609981976, 178.08986495586996, 473.12788968734446, 213.78961621182634, 27.018512172212592, 562.1716819620142, 444.5672052682249, 487.64741360946437, 104.30723848324239, 494.5068250287351, 244.23349483639626, 368.5457909134223, 423.30603586530634, 422.43579393796637, 279.06450867138227, 415.0180718956706, 0.0, 528.3152467987271, 361.95165423023, 169.04733065032408, 448.4484362777955, 373.503681374093, 327.2139972556186, 237.77510382712484, 465.4299087940095, 549.4879434528114, 237.49736840647307, 397.7587208346286], [293.58644382872995, 274.8035662068453, 252.4915840181609, 186.04300578092153, 497.31780583445834, 300.12330799189857, 357.60453017264757, 107.68936809174804, 445.53899941531495, 546.6708333174544, 37.33630940518894, 206.65188119153427, 171.2337583538947, 452.6510797512804, 198.01010075246163, 300.98006578509484, 417.306841544684, 164.24676556937126, 283.9242856819402, 396.65854333418815, 182.22239159883728, 528.3152467987271, 0.0, 301.2806001056158, 395.47945585074325, 82.85529554590944, 175.32826355154492, 332.74614948936676, 456.0745553086688, 103.04368005850722, 35.6931365951495, 298.52973051272465, 168.07438829280326], [99.04039579888602, 28.160255680657446, 247.53585598858197, 152.5319638633162, 318.69264189811474, 148.66068747318505, 203.62956563328422, 197.60819821049935, 418.3837950972767, 388.124979871175, 317.6476034853718, 384.75576668842797, 390.7083311115851, 345.83377510011945, 414.97228823139505, 148.36778626103444, 494.40974909481713, 328.7324139782994, 428.8554535038583, 113.45483682946268, 337.37960815674677, 361.95165423023, 301.2806001056158, 0.0, 192.98186443290467, 230.70543990118657, 145.49914089093448, 399.06139878469827, 442.8205053969385, 317.04258389055565, 336.05356715857073, 168.90825912311098, 137.32079230764728], [115.43396380615195, 192.6577275896298, 194.0412327316027, 210.23796041628637, 126.17844506887855, 95.38343671728336, 56.753854494650845, 321.86487848163864, 268.1510768205118, 195.143536915779, 425.17996189848833, 373.0053618917562, 403.1935019317648, 168.24089871371942, 418.4781953698424, 94.51454914456292, 388.8457277635952, 333.17412864746865, 381.4826339428834, 124.23365083583433, 331.6036791110738, 169.04733065032408, 395.47945585074325, 192.98186443290467, 0.0, 312.64196775225173, 224.89108474992955, 310.6959928933748, 295.51311307622206, 357.0014005574768, 422.6700841081611, 100.57832768544127, 243.97745797511703], [211.8726032312814, 202.98768435548004, 180.83417818543043, 103.36827366266692, 416.18505499356894, 217.30393461693234, 275.6700926832652, 68.96375859826666, 383.275357934736, 467.7264157603246, 114.02192771568107, 193.89172236070317, 178.46568297574746, 377.51026476110553, 205.86646157157313, 218.15590755237412, 380.1473398565351, 138.19551367537227, 262.8802008520231, 318.34101212379153, 154.434452114805, 448.4484362777955, 82.85529554590944, 230.70543990118657, 312.64196775225173, 0.0, 94.36630754670864, 287.4456470360962, 397.1410328837855, 97.30878685915265, 112.27199116431488, 216.20592036297248, 93.43446901438462], [118.30891766895681, 117.39250401963491, 145.12063946937388, 22.090722034374522, 337.37960815674677, 131.52186130069785, 195.8494319624134, 99.62429422585637, 349.09167850293994, 395.2429632517194, 201.83656754909404, 242.84357104934855, 245.41597340026587, 316.8359196808342, 270.1184925176357, 132.23085872821065, 384.6153923076922, 185.5505322007997, 295.3116997343654, 224.39696967650877, 196.02295783912658, 373.503681374093, 175.32826355154492, 145.49914089093448, 224.89108474992955, 94.36630754670864, 0.0, 287.08883642524313, 368.19560019098543, 171.95929750961417, 206.46065000382035, 136.01470508735443, 30.01666203960727], [309.01294471267704, 376.52755543253403, 151.6047492659778, 267.6490239100453, 323.05572274763995, 265.1980392084376, 254.9215565620138, 350.5837988270422, 142.63590010933433, 330.4557459025338, 369.4996617048519, 152.63354808167173, 204.7266470198738, 223.02690420664499, 198.17164277464119, 265.9567634033773, 97.57561170702442, 170.60187572239644, 100.18482919085105, 409.4410824526528, 153.37861650177967, 327.2139972556186, 332.74614948936676, 399.06139878469827, 310.6959928933748, 287.4456470360962, 287.08883642524313, 0.0, 140.07141035914503, 232.606964642076, 333.64951670877633, 244.29490375363952, 315.4314505562183], [343.98401125633734, 426.8079193267154, 224.0803427344755, 346.2831211595506, 251.38217916153087, 294.3637205907005, 251.9622987670973, 451.3501966322824, 27.586228448267445, 230.98268333362137, 493.4065261019558, 292.0633492925807, 343.9026024908797, 144.25324953012324, 338.2366035780279, 294.72190281687585, 136.61991070118586, 302.00165562460086, 236.9155967850154, 415.7811924558397, 286.2743439430086, 237.77510382712484, 456.0745553086688, 442.8205053969385, 295.51311307622206, 397.1410328837855, 368.19560019098543, 140.07141035914503, 0.0, 361.8756692567214, 462.49108099508254, 273.91239475423527, 398.2122549595881], [276.04528613979267, 288.88232898535, 181.13530854032848, 170.06469357276953, 440.3237445334966, 265.1490147068248, 309.3751767676263, 163.6001222493431, 354.24426600863984, 480.40503744236486, 138.36184445142382, 105.3612832116238, 81.32035415564789, 378.71493236998197, 108.93117092916977, 266.1296676434253, 314.57431554403803, 62.16912416947821, 181.49655644116226, 390.3280671435248, 79.90619500389191, 465.4299087940095, 103.04368005850722, 317.04258389055565, 357.0014005574768, 97.30878685915265, 171.95929750961417, 232.606964642076, 361.8756692567214, 0.0, 101.19288512538814, 256.4566240127168, 182.3869512876401], [324.13731658048874, 309.3169895107606, 269.0018587296378, 215.24404753674375, 520.2124565982633, 327.365239449762, 382.2054421381255, 143.37712509323097, 453.9438291242651, 566.7636191570521, 47.41307836451879, 197.0101520226813, 155.1934276958918, 469.6221885728995, 180.20543831971332, 328.25752085824325, 413.1597753896185, 163.04907236779974, 275.00727263110696, 429.51600668659603, 180.44666802132977, 549.4879434528114, 35.6931365951495, 336.05356715857073, 422.6700841081611, 112.27199116431488, 206.46065000382035, 333.64951670877633, 462.49108099508254, 101.19288512538814, 0.0, 324.13885913293393, 201.55644370746373], [70.26378868236469, 153.95129099815955, 103.73041983911952, 117.5925167687128, 201.80436070610565, 21.400934559032695, 60.14149981501958, 235.63743335896356, 249.6096953245206, 259.4937378820537, 329.9969696830563, 278.84224930953343, 305.235974288746, 188.904737897174, 322.1552420805845, 22.02271554554524, 334.6774566653691, 235.1361307838504, 298.04194335697116, 166.35504200354134, 235.2126697267815, 237.49736840647307, 298.52973051272465, 168.90825912311098, 100.57832768544127, 216.20592036297248, 136.01470508735443, 244.29490375363952, 273.91239475423527, 256.4566240127168, 324.13885913293393, 0.0, 160.75136080294934], [132.06059215375342, 109.55363982999378, 175.03428235634297, 52.009614495783374, 360.41087663942665, 153.60013020827813, 219.6724834839357, 77.98717843338096, 379.0646382874562, 420.1737735746961, 190.19200824430033, 262.2746651889961, 259.7306296916095, 344.70277051396033, 285.56785533389433, 154.20116731075677, 412.8268402126974, 204.35263639111682, 318.91064579283017, 228.7116088002531, 216.4162655624572, 397.7587208346286, 168.07438829280326, 137.32079230764728, 243.97745797511703, 93.43446901438462, 30.01666203960727, 315.4314505562183, 398.2122549595881, 182.3869512876401, 201.55644370746373, 160.75136080294934, 0.0]]
0世代
rank = 0, pop_id = 0, calclation_time:132.52939176559448[sec]
pop_index = 0, scores = 69.98123219023199, rank = 0
0世代評価 : [69.98123219023199, 111.78486122684922, 120.48862603049483, 81.7064865458746, 90.31904138781024, 99.24152479357015, 71.04130649744846, 124.93108665975342, 70.7768550198188, 92.48122282736071, 71.84718530195076, 92.99853807179379, 95.90229043666203, 99.28870128033019, 92.81144195062458, 87.41297267148563, 69.95250722741518, 79.94439372115052, 65.4824707562203, 103.90080574785166, 86.54791303233466, 97.27537230871665, 100.7749762070816, 101.80265035004003, 91.64055009303543, 83.62576571929768, 93.90156939088543, 94.99540806366169, 78.36902333735412, 96.34872960638035, 81.82838043464997, 99.48305699263798, 71.81000398699952, 100.72075427111169, 81.47333277630021, 103.16468009010637, 91.19238045550736, 62.00664484649601, 76.88587483483256, 78.05255211711504, 76.37164887445437, 67.99789307360155, 75.55422312336859, 77.48627926985233, 97.47728822491989, 100.42847300088668, 98.43849575016846, 98.87207245905228, 92.0468323414537, 111.48368275107212, 79.14401188830153, 84.08050390421143, 70.91942413257829, 104.4692232582318, 95.22812553154515, 94.6137121842235, 110.47949320909564, 99.92964091617111, 103.81688683765631, 99.96903693412168, 97.45392147804777, 89.00863934361921, 92.05924334402988, 94.58436606674965, 96.41900908036769, 65.25349863715306, 96.49236177051135, 98.63737526684527, 93.72238808701327, 109.28826312656487, 93.84702427984132, 97.18196701809227, 102.89630640074836, 83.2397916353424, 101.95284476525708, 76.42950926849419]
0世代, new best [1, 1, 1, 0, 0, 1, 0, 1, 0, 0, 1, 1, 1, 1, 1, 0, 0, 1, 1, 1, 0, 0, 0, 1, 1, 0, 1, 1, 1, 1, 0, 1, 1] = 69.98123219023199
拠点利用数 : 21
0世代, new best [1, 0, 1, 1, 0, 1, 1, 1, 0, 1, 1, 1, 1, 1, 0, 1, 1, 0, 0, 0, 1, 1, 1, 1, 0, 1, 0, 1, 1, 1, 1, 1, 1] = 69.95250722741518
拠点利用数 : 24
0世代, new best [1, 1, 1, 0, 1, 1, 1, 1, 1, 1, 1, 0, 0, 1, 1, 0, 1, 0, 0, 1, 1, 1, 0, 1, 0, 0, 1, 0, 1, 1, 0, 1, 0] = 65.4824707562203
拠点利用数 : 21
0世代, new best [1, 1, 1, 0, 0, 1, 1, 1, 1, 1, 0, 1, 1, 1, 0, 1, 1, 1, 1, 0, 1, 1, 1, 1, 0, 1, 1, 1, 1, 1, 1, 1, 1] = 62.00664484649601
拠点利用数 : 27
1世代
rank = 0, pop_id = 0, calclation_time:140.29136204719543[sec]
pop_index = 0, scores = 97.001301186851, rank = 0
1世代評価 : [97.001301186851, 120.18386771445701, 101.60823147593251, 88.16054274635759, 93.13083725391881, 103.07929083600344, 106.98680216783934, 92.23864459078601, 69.36723066884643, 82.07420425694194, 110.77960675030636, 79.86933718227004, 71.15864101884303, 99.92838466974759, 100.58370692771307, 107.28136601762422, 96.0019918877471, 70.4365356980046, 58.93870853707656, 95.65035246369348, 94.3609968313023, 75.4317376693542, 93.45582995821363, 105.67642871274322, 98.49835625953985, 99.45433152305037, 88.84472458317109, 88.35707358456519, 102.90815877441294, 78.97266442826496, 101.12048354358564, 80.66218699019556, 92.51307100319788, 102.07949309430315, 71.91453257389261, 97.2489057646012, 53.83099388435012, 107.39282413913512, 98.29545183411598, 76.59404864659255, 92.3456001077322, 73.15512865788698, 90.60310213478543, 95.13471497546027, 83.20463809068036, 72.1974972307063, 94.5681436922864, 81.22744267718193, 81.03312943631536, 73.63723608179474, 92.31590078735462, 69.90878514925082, 70.25295542027717, 72.9566092731229, 103.62674958086201, 87.2515467256898, 88.76094479826388, 83.60925617618493, 69.89910556313222, 98.96947726162418, 110.97018082421435, 84.62696652853315, 105.69700797429364, 97.96676031960399, 97.86694476417617, 104.14845111004924, 78.59020342039982, 95.0423336487015, 97.84422320570688, 97.93261838441097, 85.64199024284481, 73.64434137767698, 101.8576269541006, 106.33196782528427, 91.17092765203539, 93.57770094878455]
2世代
rank = 0, pop_id = 0, calclation_time:119.65232419967651[sec]
pop_index = 0, scores = 100.123554098585, rank = 0
2世代評価 : [100.123554098585, 74.16685434296569, 68.23692080658026, 73.55808921553765, 100.35638882799316, 119.46893913350007, 86.47449340124133, 85.30431222774835, 100.37879347354401, 103.62718990114247, 70.86873871814846, 106.8762594777541, 83.03150287153676, 66.44835707543082, 96.7599304737118, 95.50236104388635, 101.43618970881393, 101.6110097969452, 108.13920378982264, 70.60360027950973, 78.30466278966804, 79.26339512511846, 102.8017404625638, 99.69829583702028, 69.33589090665642, 95.1225316471418, 92.35039124208687, 90.47045592383644, 109.55395490711744, 70.48394671102967, 96.05433136235926, 102.30070655970498, 95.65071508675814, 109.45773303793565, 74.71067646995883, 82.61650146678565, 112.65175946500034, 77.14783898693844, 103.52167640674793, 83.35241183233968, 101.85890759052941, 101.82245435300715, 97.21356630690634, 114.41743164248457, 107.99436790670562, 114.06287975218865, 96.24335469722709, 99.97090772197039, 79.22162059752313, 68.08913873203475, 82.90623300486527, 95.87472108839874, 101.35692553088622, 101.2444574567474, 90.55590667614153, 100.82247482889261, 99.99639686920315, 115.61416431824264, 98.54183780215125, 103.72396622942786, 90.42291269492799, 109.30071292470527, 81.24829464776829, 69.10923464355808, 99.25267771933375, 70.14358194820237, 104.27617643779486, 98.31365409343773, 112.4673583668257, 93.06593660743778, 86.22628466428561, 91.00906657673228, 98.85417147699245, 101.48222042575954, 110.1112591665967, 88.74555406041546]
3世代
rank = 0, pop_id = 0, calclation_time:129.30570650100708[sec]
pop_index = 0, scores = 102.54194883868672, rank = 0
3世代評価 : [102.54194883868672, 95.29228451902716, 107.76546371591692, 70.62946805113215, 92.31903026997205, 113.2343377504421, 81.52627711976214, 102.09570790689735, 86.2300595303709, 95.12883351192436, 85.10976265911096, 69.98746918240974, 122.1069188905477, 124.93959811201005, 110.61678152574471, 95.66307682532755, 82.12994668965725, 85.92361440346617, 96.92983984442837, 100.99638274008497, 67.32056501535867, 66.90143894291643, 67.13576347709231, 52.50903811770015, 103.19859722186217, 108.22120769000203, 87.27688377784486, 105.15868296276686, 86.79081393591444, 97.64259423520535, 96.57369964020434, 96.01974692601914, 96.8101725742844, 65.66376159317115, 78.79710375557997, 117.14034456012178, 82.94308564806708, 76.36246224458962, 65.67712224674308, 72.3077046994969, 104.11964140251636, 85.67016783737031, 69.07345693163832, 104.58294466658221, 120.2842155467832, 96.27633723092761, 103.90025141050864, 82.53073109810592, 92.72860247986489, 91.03712902440958, 87.86476557201259, 110.99959045458522, 83.83572831061358, 68.22762434400377, 87.36675124765544, 120.66853103015703, 128.1292208650138, 110.02816949241169, 107.25097626173614, 75.12720554244301, 90.99636397148205, 99.27991026397741, 106.49482848901202, 95.53270387333595, 106.94916659535464, 96.0567408123632, 88.06667415607333, 125.19070454415856, 109.14571806606735, 93.3774480143478, 70.50660147909012, 69.66666588131669, 101.73977575822423, 99.88748355496834, 104.0124686925567, 94.26751709920995]
3世代, new best [1, 1, 1, 0, 1, 1, 0, 1, 0, 1, 1, 1, 1, 0, 1, 1, 1, 1, 1, 1, 0, 1, 0, 0, 1, 0, 0, 0, 1, 0, 1, 1, 1] = 52.50903811770015
拠点利用数 : 22
4世代
rank = 0, pop_id = 0, calclation_time:131.95278906822205[sec]
pop_index = 0, scores = 80.35430938794644, rank = 0
4世代評価 : [80.35430938794644, 79.42704815637562, 106.28577991513508, 103.41430234039613, 105.14379786787907, 92.2203214928842, 83.37142319358976, 79.592845426568, 91.10188611996705, 70.16925471921132, 96.32804110268047, 112.57636598598144, 70.9997435620745, 77.59473859000255, 93.56798418358083, 82.33911947037299, 104.72368094457157, 106.63720712755807, 90.5987958717322, 92.54151036068453, 71.91813691114625, 58.41674645903835, 104.78352841548352, 83.09080545224721, 75.26902345633027, 106.75641105721267, 82.99224751042179, 82.57867868392655, 69.94319791529753, 91.0374140284325, 67.45994649586997, 78.90808968722968, 110.39549611577573, 122.32711294075337, 104.73009109315367, 103.88316324331065, 96.41067628601517, 72.82036098602495, 104.10137652470972, 91.35441872397388, 66.71739345086061, 64.9972788761448, 125.14463447664, 93.42906909460244, 97.07802511024883, 108.90965109612053, 107.55934560278641, 104.36787619587103, 87.12876273086036, 101.20249306675632, 98.47024738111321, 85.24206760774281, 106.57333324495161, 77.10936565784546, 98.06338762956368, 87.06266958206055, 106.38927464006198, 108.42946135163781, 96.43121874586927, 86.94134227844671, 95.20583803651093, 94.78148500024878, 80.86297707074728, 77.39883919870904, 56.43004814563181, 79.41060775459937, 80.85541717964846, 85.17307577784634, 85.18339642126762, 72.97725217485898, 112.42100578696986, 77.65756418647737, 65.37096601163825, 100.60595246299077, 92.76660283346614, 83.50999889492044]
5世代
rank = 0, pop_id = 0, calclation_time:127.5872368812561[sec]
pop_index = 0, scores = 82.52206220751172, rank = 0
5世代評価 : [82.52206220751172, 87.51388543457783, 103.78132604567047, 110.83337523001828, 85.39752727746226, 86.52883044129383, 97.06350654267216, 84.76165994625357, 89.19850001404558, 77.58091582683214, 88.93060799098774, 103.62425611569991, 101.2943606814333, 77.62627048941272, 94.40314617960159, 72.55734342352157, 96.99871759349146, 107.70983418769885, 119.45401965070572, 106.10550433552888, 98.27115618684984, 100.91194445836285, 109.59537641156338, 96.6474797259458, 70.28192655282334, 87.42593502723354, 100.159074658315, 91.90057838430471, 108.8626278629029, 90.04775996531518, 104.14262885497992, 89.00275146111936, 116.24090374133486, 92.32687409164872, 67.0856052824568, 105.2591784729228, 99.90946042905654, 103.95502724150364, 104.14040703418154, 71.02874192850868, 106.94004939705079, 59.815614590338036, 93.8155783570041, 88.34841140280643, 104.17882572438886, 106.3505329789989, 109.00964841318293, 94.66698432099858, 81.91112179887564, 106.4168530422784, 69.97465947329776, 125.71806900459764, 106.9412627001994, 86.47422571817006, 103.35537377264227, 92.1714483536563, 94.07358979610346, 69.31174071874887, 91.01027521507649, 82.55434751394259, 120.22758449368908, 77.58513976654001, 101.9326765036064, 93.92190316035061, 88.6831197771006, 71.67685724026344, 83.5366526004654, 70.18432712265106, 88.91029853121887, 104.25655469678884, 104.08836141291279, 84.2910665584167, 91.56219738837835, 97.19432598847088, 78.53635563229079, 97.54132536006156]
6世代
rank = 0, pop_id = 0, calclation_time:159.05062079429626[sec]
pop_index = 0, scores = 83.06110134584944, rank = 0
6世代評価 : [83.06110134584944, 78.623721872055, 108.0909612173257, 76.37914828934544, 68.12286029602895, 73.66383817246418, 74.77728761771796, 105.34747076247913, 89.61879546957216, 89.8007272577704, 70.28222083879609, 72.66553673644597, 109.3081694504169, 87.32828283160914, 92.93980093507486, 93.19208693598463, 68.25138769465751, 101.88307467528473, 106.41036554994992, 98.87655002330024, 104.94002699273875, 99.82408880842229, 105.31339133324809, 99.74651192037797, 102.78435129816677, 97.75889108508044, 99.50141895179293, 97.63807935526181, 106.39090458786663, 73.30015129409067, 123.99315834694002, 96.60154325817494, 79.22656166573324, 93.29159651520698, 89.13138710314, 85.4138896005433, 98.89781393959774, 92.21138048649915, 101.12845485789806, 97.50310070375865, 80.85005246259665, 121.40789266982505, 100.4035524818058, 104.16020751672752, 125.04063153712028, 111.45745576908035, 102.9855709565007, 76.89006700770176, 102.5249098839162, 68.81059382759543, 90.57524530078659, 82.4384218446271, 99.55757238444981, 121.34390359018758, 81.24230455077611, 117.03419638569332, 105.03503538100439, 85.3999803650933, 88.62241783295364, 106.17031012733649, 91.8963325978314, 83.96144560948781, 129.94410612352056, 93.41938524499295, 106.33487540618415, 103.78189125784773, 59.3901452454019, 91.27496377178562, 105.05020998217684, 105.81848307070945, 74.50980918977329, 89.31474870544359, 83.21850517232193, 82.72066547754133, 95.84215932357888, 106.27686536809792]
7世代
rank = 0, pop_id = 0, calclation_time:119.56213641166687[sec]
pop_index = 0, scores = 104.58248461068872, rank = 0
7世代評価 : [104.58248461068872, 104.05661701511055, 66.83892015367994, 74.01396375024342, 76.5782709394246, 107.6153277589702, 70.2925520575274, 93.3334869538206, 106.60154740707112, 85.30437111806765, 98.14534824719331, 77.36132337982646, 76.68522707913921, 106.87139870814524, 95.7670291131255, 70.85998630367546, 80.29873980648101, 76.47978926418, 92.89251557929583, 96.19940482782945, 88.63250129956042, 71.14191375909402, 87.05280235951619, 103.35231020285495, 111.27965564821905, 79.11865578284888, 86.92487389824078, 66.72922415942527, 79.54319521687819, 104.62338503518232, 82.77163806765073, 104.9158388800252, 67.52046360688013, 104.09009290356718, 96.40477228225116, 94.00025785324512, 93.98694248332943, 103.26796940318579, 86.36318323927473, 85.78906882653476, 106.61360864315193, 72.61472997396665, 110.24464063191822, 66.84820269740756, 106.1486720693932, 95.77385709544104, 88.25477635058212, 105.1706504173422, 80.40291331000489, 99.55941510978457, 69.57548361041142, 71.49781379318544, 98.46966354300255, 120.8091182234061, 106.91342801590979, 67.19013144227132, 105.0699463633227, 77.49561057959487, 109.0091868580289, 104.50669586394551, 98.6761741110556, 111.25984748808864, 73.95958274519133, 82.71988254057047, 96.58096425203591, 105.32751022346984, 89.86366972826796, 109.1541091821211, 105.13193324718902, 83.6811733565678, 96.92098167909349, 67.9869770211232, 75.62957138223074, 93.30006989844303, 69.33007212749247, 104.85792280910698]
8世代
rank = 0, pop_id = 0, calclation_time:120.72074246406555[sec]
pop_index = 0, scores = 71.03308098268397, rank = 0
8世代評価 : [71.03308098268397, 103.06656518013543, 86.62333640476228, 95.6383881180411, 98.7377111728141, 92.67664976292703, 105.61830104674951, 74.38806471522126, 90.54483032753026, 95.01394447608106, 68.48509063913633, 87.25467212848541, 68.85657654148599, 69.7571214134905, 108.94298306617755, 77.62528072079436, 65.01133914269145, 94.48867004181095, 81.75030692721944, 103.05566401655723, 102.27266749587945, 101.4304124664464, 90.94561420905579, 110.14442551393904, 103.56370690495146, 76.64972625155548, 93.64910205015347, 71.46992906274063, 84.99673339899725, 98.28821297657065, 70.92240971799637, 89.59892866778274, 93.93539890385705, 79.63474252347218, 61.414841570336826, 65.87023674765257, 103.09200326858468, 64.12548900276269, 108.93421627539134, 89.28012077949955, 106.5637799639236, 95.69108484898098, 84.91649776377253, 74.91506054941561, 103.277994365982, 97.9412784481931, 69.82221822559411, 75.0327739008346, 90.39820054096907, 115.3988373994469, 102.228261128407, 91.65117966813523, 103.44209533915165, 102.71078570488514, 95.02962157275897, 85.32044729697321, 94.23141214352952, 58.50891351238457, 89.71181836073299, 104.17725434507514, 97.94636556259708, 108.92008495425121, 80.33811569450435, 116.20186535894254, 104.97933283067687, 83.80042519527916, 112.13121008829125, 77.44865571490534, 94.44302101114344, 80.53006909177243, 90.05658117514842, 76.92575271562046, 97.94306727665379, 85.53536905994528, 98.30667521343011, 111.60468659360785]
9世代
rank = 0, pop_id = 0, calclation_time:126.46482801437378[sec]
pop_index = 0, scores = 75.53478280301132, rank = 0
9世代評価 : [75.53478280301132, 75.43798792899439, 86.59032295123825, 108.48892246537852, 108.97120820173515, 90.02581372748247, 80.36337413511245, 70.89530164162929, 83.41928924941426, 75.98829877215194, 65.5892918672232, 97.68180478273635, 95.86623163650758, 108.31203921010061, 90.44799807042452, 80.80712644776136, 116.11404242946924, 99.78171603646933, 109.6209380184835, 96.30898573652728, 96.73666842232295, 112.72850296124558, 94.1721609660508, 74.16548966234431, 107.73201402666515, 72.40479535680281, 74.75359542672295, 72.470432046416, 68.58704467117641, 103.040790529525, 89.34464824554013, 99.34978284022765, 96.43187399602533, 72.47235418555144, 70.79239424959793, 103.63948285260946, 52.94822587132453, 87.37241656127219, 96.4686600693713, 83.82641333838488, 77.32381298018333, 69.28408380549638, 84.41215302107827, 98.73751737608856, 75.7000004603996, 76.65442298211717, 66.18450259705227, 97.89193026800508, 103.09280629191753, 80.58137004211571, 73.57372410719469, 96.57219623485145, 101.05028785354354, 64.52176194307492, 98.75185077408771, 83.0104768803219, 93.15048337068258, 102.8063227705679, 95.50866430235126, 105.32484355482231, 107.44373605776423, 75.62219172972398, 91.12869677903026, 96.41090615364328, 129.9202377712362, 71.92369209184693, 104.22507710534647, 84.65998904133707, 72.87096391848263, 67.28172734113235, 106.89012118111107, 103.39168509028741, 67.74457457150524, 134.67929489433018, 107.42918205799884, 102.81026227980084]
10世代
rank = 0, pop_id = 0, calclation_time:99.80430102348328[sec]
pop_index = 0, scores = 78.70462422136066, rank = 0
10世代評価 : [78.70462422136066, 103.54717294747563, 104.66959820135062, 115.87766546927823, 84.9696641002301, 82.28587150033073, 68.6691843265309, 101.89649961655877, 83.55140143321582, 97.48679989085402, 74.93121602893434, 77.10254113864966, 48.773316089179794, 75.28637950139135, 93.31661633540031, 67.33895648937812, 71.336990500366, 98.37267574552692, 80.78256209661897, 114.37893326304545, 101.94933874605968, 81.99732099937492, 101.7946077523429, 105.9879722790287, 71.35093167339679, 102.02753147988545, 81.86625832186517, 100.51882964820095, 80.44236252080877, 68.20433159784281, 100.42034548227136, 71.14700424963173, 81.40681256906063, 92.4867136100976, 96.79601361871167, 69.3689599719824, 121.69686109031807, 85.68279666632311, 93.91196647892967, 103.27898250003214, 75.67214383459493, 105.23369785565106, 66.38348946350476, 107.27427517012933, 99.16583372135487, 105.81926882272631, 77.321609125669, 66.3149824479446, 109.69802831308536, 103.62644576606402, 84.88181160282153, 78.91305841950721, 87.26137440864154, 109.01324054445261, 98.50282420948298, 99.3534775559692, 100.59620136316528, 107.24517392286333, 91.47853880678656, 82.58964833098645, 110.21211154679547, 110.22411312013409, 97.24568260940715, 70.51525654766893, 70.21697438326655, 99.21095008906188, 102.39756681612853, 72.79917910407302, 98.691939499105, 84.52080411270894, 100.44442728177745, 89.22228263644254, 105.34108121015211, 95.54281931917188, 98.11524995141451, 70.57442256754447]
11世代
rank = 0, pop_id = 0, calclation_time:133.95962643623352[sec]
pop_index = 0, scores = 67.80783855383639, rank = 0
